     128	     0.0	0	0	0	0	0	0	0	0	0	0	0	0	0	0	0	0	0
     256	     0.0	0	0	0	0	0	0	0	0	0	0	0	0	0	0	0	0	0
     512	11523.549215	1028096	1089536	1122304	1171456	1220608	1302528	2007040	2899968	3325952	3751936	4292608	4816896	5799936	6258688	7766016	8716288	11206656
    1024	11374.275048	1044480	1105920	1138688	1187840	1236992	1318912	2007040	2932736	3358720	3817472	4358144	4882432	5865472	6258688	7307264	7831552	9502720
    2048	10291.123629	1105920	1171456	1220608	1302528	1417216	1597440	2473984	3162112	3620864	4112384	4751360	5341184	6520832	6979584	8355840	9240576	13959168
    4096	9777.140762	1171456	1236992	1286144	1384448	1499136	1695744	2670592	3358720	3817472	4292608	4947968	5537792	6651904	7176192	8290304	8978432	11599872
    8192	9124.895837	1236992	1318912	1384448	1466368	1581056	1777664	2899968	3686400	4145152	4620288	5275648	5865472	7045120	7503872	8585216	9109504	10682368
   16384	8323.022566	1368064	1449984	1515520	1630208	1761280	1974272	3293184	4046848	4554752	5013504	5734400	6389760	7634944	8159232	9371648	10027008	13041664
   32768	5885.907606	1761280	1875968	1974272	2113536	2310144	2572288	3096576	5799936	6651904	7503872	8716288	9633792	11862016	12779520	15007744	15925248	19791872
   65536	3966.140105	2277376	2441216	2572288	2768896	3031040	3424256	4014080	8454144	10289152	11993088	14090240	15794176	19529728	21102592	25034752	26083328	30015488
  131072	2446.377391	3424256	3686400	3883008	4227072	4685824	5275648	5865472	12648448	17170432	20316160	23986176	27131904	34340864	38010880	46399488	50593792	62652416
  262144	1395.914559	6062080	6586368	6914048	7372800	7700480	8028160	8454144	9240576	31326208	38535168	46923776	54263808	68681728	73924608	85458944	90701824	110624768
  524288	766.631116	10551296	11468800	12124160	13041664	13697024	14090240	14745600	15663104	59506688	73924608	88604672	101187584	126353408	137363456	158334976	164626432	175112192
 1048576	404.137655	20054016	21364736	22151168	23199744	23986176	24510464	25559040	26607616	36962304	158334976	185597952	202375168	233832448	246415360	267386880	278921216	325058560
 2097152	210.331858	33816576	36962304	39059456	41680896	44302336	46923776	49545216	52690944	61079552	329252864	371195904	392167424	429916160	442499072	463470592	467664896	492830720
 4194304	106.584007	65273856	72876032	77070336	83361792	87556096	92798976	96993280	101187584	111673344	666894336	734003200	767557632	817889280	843055104	859832320	876609536	893386752
 8388608	54.089885	126353408	139460608	152043520	162529280	177209344	185597952	193986560	200278016	214958080	1317011456	1434451968	1484783616	1585446912	1602224128	1652555776	1686110208	1686110208
16777216	32.112995	82313216	166723584	187695104	235929600	337641472	371195904	383778816	396361728	421527552	1417674752	2835349504	2936012800	3103784960	3137339392	3204448256	3204448256	3204448256
     128	     0.0	0	0	0	0	0	0	0	0	0	0	0	0	0	0	0	0	0
     256	     0.0	0	0	0	0	0	0	0	0	0	0	0	0	0	0	0	0	0
     512	12240.59198	1003520	1073152	1105920	1171456	1220608	1302528	1499136	2473984	3063808	3555328	4227072	4685824	5734400	6193152	7438336	8290304	14745600
    1024	11438.085397	1036288	1089536	1122304	1171456	1220608	1302528	1990656	2932736	3358720	3784704	4358144	4816896	5799936	6258688	7241728	7766016	9240576
    2048	10370.987634	1089536	1155072	1204224	1302528	1400832	1597440	2473984	3162112	3588096	4046848	4685824	5275648	6389760	6848512	8585216	9764864	14614528
    4096	9834.205526	1171456	1236992	1286144	1384448	1499136	1695744	2637824	3325952	3784704	4292608	4947968	5472256	6651904	7110656	8224768	8716288	10682368
    8192	9140.39532	1253376	1318912	1384448	1482752	1597440	1777664	2867200	3653632	4145152	4620288	5275648	5865472	7110656	7569408	8716288	9371648	14614528
   16384	8451.751608	1368064	1449984	1515520	1630208	1761280	1974272	3293184	3981312	4423680	4947968	5603328	6193152	7372800	7831552	8978432	9502720	10944512
   32768	6082.691731	1744896	1875968	1974272	2113536	2310144	2572288	3325952	5472256	6324224	7110656	8224768	9109504	11075584	11730944	13434880	14090240	20316160
   65536	4111.022231	2277376	2441216	2572288	2768896	3031040	3391488	3981312	8093696	9764864	11337728	13303808	15007744	18481152	19791872	23461888	24510464	27131904
  131072	2551.444856	3391488	3653632	3850240	4227072	4620288	5144576	5734400	12386304	16318464	19005440	22675456	25821184	32112640	34340864	39583744	41680896	44302336
  262144	1473.072052	5931008	6455296	6782976	7176192	7503872	7897088	8290304	9109504	29229056	35913728	43778048	49545216	61603840	66846720	77070336	79167488	87556096
  524288	792.422021	10289152	11206656	11730944	12648448	13303808	13828096	14352384	15138816	54263808	70778880	87556096	100139008	123207680	131596288	149946368	158334976	164626432
 1048576	419.135535	17956864	19791872	20840448	22151168	22937600	23986176	24510464	25559040	27656192	156237824	185597952	202375168	235929600	244318208	265289728	274726912	291504128
 2097152	213.695985	30801920	33816576	36438016	40632320	43778048	46399488	49545216	53215232	60030976	320864256	362807296	392167424	438304768	450887680	480247808	488636416	517996544
 4194304	106.405611	69730304	76021760	79167488	85458944	88604672	92798976	96993280	103284736	113770496	641728512	717225984	759169024	843055104	868220928	918552576	935329792	935329792
 8388608	53.847686	129499136	143654912	152043520	168820736	177209344	187695104	196083712	202375168	214958080	1249902592	1484783616	1551892480	1619001344	1619001344	1669332992	1686110208	1686110208
16777216	27.725268	200278016	278921216	291504128	312475648	350224384	371195904	383778816	392167424	413138944	2432696320	2902458368	2969567232	3070230528	3103784960	3137339392	3137339392	3137339392
     128	     0.0	0	0	0	0	0	0	0	0	0	0	0	0	0	0	0	0	0
     256	     0.0	0	0	0	0	0	0	0	0	0	0	0	0	0	0	0	0	0
     512	11823.011799	1019904	1073152	1105920	1138688	1187840	1269760	1892352	2736128	3194880	3653632	4227072	4751360	5799936	6258688	7438336	8159232	15663104
    1024	11490.716976	1044480	1089536	1122304	1155072	1204224	1269760	1843200	2932736	3358720	3784704	4358144	4816896	5865472	6258688	7438336	8290304	11337728
    2048	10464.784507	1089536	1155072	1187840	1253376	1351680	1515520	2408448	3129344	3588096	4079616	4751360	5275648	6455296	6914048	8290304	9240576	13959168
    4096	9966.667778	1171456	1220608	1269760	1335296	1417216	1597440	2539520	3325952	3784704	4292608	4947968	5472256	6651904	7110656	8159232	8716288	9633792
    8192	9248.758375	1236992	1302528	1351680	1433600	1515520	1695744	2736128	3653632	4145152	4620288	5275648	5865472	7045120	7503872	8716288	9240576	11862016
   16384	8497.066862	1368064	1433600	1482752	1581056	1679360	1925120	3227648	3948544	4423680	4947968	5603328	6193152	7438336	7962624	9240576	9764864	10682368
   32768	6003.866409	1712128	1810432	1892352	2039808	2211840	2572288	3522560	5668864	6520832	7307264	8454144	9371648	11337728	12124160	13959168	14876672	20054016
   65536	4035.82975	2244608	2408448	2506752	2703360	2965504	3457024	4079616	8454144	10158080	11730944	13697024	15400960	18743296	20054016	22675456	23724032	25821184
  131072	2511.165178	3358720	3555328	3719168	4046848	4620288	5275648	5931008	12910592	16908288	19791872	23199744	26083328	32374784	35389440	43253760	46399488	53215232
  262144	1448.72863	5931008	6455296	6717440	7176192	7503872	7831552	8224768	8978432	30801920	36962304	44302336	50069504	63176704	68681728	80216064	85458944	96993280
  524288	777.207597	10420224	11206656	11862016	12910592	13434880	13959168	14483456	15269888	58458112	72876032	88604672	101187584	125304832	135266304	156237824	164626432	173015040
 1048576	411.382709	19267584	20840448	21626880	22675456	23461888	24248320	25034752	26083328	29491200	158334976	183500800	200278016	238026752	250609664	278921216	291504128	304087040
 2097152	212.185783	33816576	37486592	39059456	41680896	44302336	46399488	49020928	52166656	60030976	320864256	362807296	387973120	429916160	446693376	476053504	484442112	513802240
 4194304	105.981427	68681728	76021760	80216064	85458944	89653248	93847552	98041856	103284736	114819072	658505728	717225984	759169024	817889280	834666496	851443712	859832320	868220928
 8388608	54.706998	132644864	141557760	152043520	166723584	179306496	185597952	191889408	198180864	212860928	1283457024	1417674752	1451229184	1551892480	1568669696	1635778560	1652555776	1652555776
16777216	28.563828	135266304	242221056	258998272	308281344	354418688	371195904	383778816	392167424	413138944	2264924160	2835349504	2936012800	3070230528	3137339392	3204448256	3204448256	3204448256
     128	     0.0	0	0	0	0	0	0	0	0	0	0	0	0	0	0	0	0	0
     256	     0.0	0	0	0	0	0	0	0	0	0	0	0	0	0	0	0	0	0
     512	12902.636579	987136	1044480	1073152	1122304	1171456	1236992	1351680	2088960	2899968	3457024	4112384	4620288	5668864	6062080	7176192	7897088	18481152
    1024	11516.482784	1036288	1089536	1122304	1155072	1204224	1269760	1728512	2899968	3358720	3784704	4358144	4816896	5799936	6193152	7110656	7503872	9109504
    2048	10495.583481	1089536	1155072	1187840	1269760	1351680	1515520	2408448	3129344	3588096	4046848	4685824	5210112	6455296	6979584	8716288	9502720	12124160
    4096	9996.466902	1171456	1220608	1269760	1335296	1417216	1581056	2506752	3293184	3751936	4227072	4947968	5472256	6651904	7110656	8290304	8847360	10420224
    8192	9281.857271	1236992	1302528	1351680	1433600	1515520	1695744	2703360	3620864	4112384	4620288	5275648	5865472	7045120	7569408	8585216	9109504	11993088
   16384	8568.847705	1368064	1433600	1482752	1564672	1662976	1892352	3194880	3915776	4423680	4882432	5603328	6193152	7372800	7897088	8978432	9371648	10682368
   32768	6154.989667	1712128	1826816	1908736	2039808	2211840	2605056	3784704	5406720	6258688	7045120	8159232	9109504	10944512	11730944	13434880	14221312	20054016
   65536	4139.119421	2244608	2375680	2506752	2703360	2965504	3424256	4112384	7962624	9764864	11337728	13303808	14876672	18219008	19529728	22151168	23724032	26345472
  131072	2593.687508	3325952	3522560	3686400	4014080	4620288	5210112	5865472	12124160	15925248	18743296	22413312	25296896	31064064	33423360	38535168	41156608	45875200
  262144	1500.016664	5799936	6258688	6586368	7045120	7438336	7766016	8159232	8978432	28704768	35389440	42729472	48496640	58982400	63700992	71827456	77070336	83361792
  524288	803.345329	10027008	10813440	11468800	12386304	13172736	13697024	14221312	15138816	51642368	69730304	86507520	99090432	125304832	135266304	164626432	179306496	189792256
 1048576	421.878644	17432576	19005440	20316160	21889024	22937600	23724032	24510464	25559040	27656192	156237824	183500800	202375168	233832448	242221056	265289728	278921216	287309824
 2097152	216.320554	31064064	33816576	36438016	39583744	42729472	45350912	48496640	51642368	57933824	320864256	367001600	396361728	442499072	455081984	492830720	517996544	566231040
 4194304	106.132233	70778880	78118912	81264640	85458944	89653248	93847552	98041856	103284736	114819072	650117120	708837376	742391808	801112064	834666496	910163968	918552576	918552576
 8388608	54.423575	135266304	145752064	154140672	168820736	177209344	185597952	191889408	198180864	217055232	1233125376	1417674752	1468006400	1551892480	1585446912	1635778560	1635778560	1635778560
16777216	28.020318	238026752	270532608	283115520	312475648	350224384	371195904	383778816	400556032	425721856	2298478592	2801795072	2902458368	3036676096	3070230528	3103784960	3103784960	3103784960
     128	     0.0	0	0	0	0	0	0	0	0	0	0	0	0	0	0	0	0	0
     256	     0.0	0	0	0	0	0	0	0	0	0	0	0	0	0	0	0	0	0
     512	12398.486717	995328	1056768	1089536	1138688	1187840	1269760	1482752	2441216	3031040	3522560	4177920	4685824	5734400	6127616	7241728	7897088	10551296
    1024	11499.583347	1036288	1089536	1122304	1155072	1204224	1269760	1843200	2932736	3325952	3784704	4358144	4816896	5799936	6258688	7372800	8028160	10158080
    2048	10447.951735	1089536	1155072	1187840	1269760	1351680	1515520	2441216	3129344	3588096	4079616	4685824	5275648	6455296	6979584	8585216	9633792	15663104
    4096	10004.366521	1171456	1220608	1269760	1335296	1417216	1581056	2506752	3293184	3784704	4227072	4947968	5472256	6586368	7045120	8224768	8716288	10944512
    8192	9256.658111	1236992	1318912	1351680	1433600	1531904	1712128	2768896	3620864	4112384	4620288	5275648	5865472	7045120	7569408	8716288	9371648	11730944
   16384	8535.682144	1368064	1433600	1482752	1564672	1679360	1908736	3227648	3948544	4423680	4947968	5603328	6193152	7438336	7962624	9109504	9633792	11206656
   32768	6101.059929	1712128	1826816	1908736	2039808	2211840	2572288	3653632	5537792	6324224	7110656	8224768	9240576	11075584	11730944	13434880	14352384	20840448
   65536	4105.089491	2244608	2375680	2506752	2703360	2965504	3424256	4112384	8159232	9895936	11337728	13434880	15007744	18481152	19791872	22151168	23199744	25559040
  131072	2563.858152	3325952	3522560	3686400	4014080	4620288	5275648	5931008	12517376	16318464	19005440	22675456	25559040	31326208	33816576	39583744	41680896	45875200
  262144	1483.038987	5865472	6324224	6651904	7110656	7438336	7766016	8159232	8847360	28966912	35913728	43778048	50069504	61603840	66846720	78118912	82313216	88604672
  524288	792.316407	10158080	11075584	11599872	12517376	13303808	13828096	14352384	15138816	54788096	70778880	87556096	100139008	126353408	137363456	164626432	173015040	185597952
 1048576	417.963154	17956864	19791872	20840448	22151168	23199744	23986176	24772608	25821184	28180480	158334976	183500800	200278016	229638144	242221056	270532608	274726912	283115520
 2097152	214.461764	31588352	35389440	36962304	40632320	43253760	45875200	49020928	52166656	58982400	325058560	362807296	383778816	438304768	450887680	488636416	497025024	517996544
 4194304	106.453649	70778880	77070336	80216064	84410368	88604672	92798976	96993280	102236160	112721920	650117120	717225984	750780416	809500672	826277888	843055104	859832320	868220928
 8388608	54.372346	137363456	145752064	156237824	168820736	177209344	185597952	189792256	198180864	210763776	1283457024	1417674752	1468006400	1551892480	1585446912	1619001344	1635778560	1635778560
16777216	28.099614	202375168	278921216	287309824	304087040	350224384	367001600	375390208	387973120	413138944	2499805184	2835349504	2936012800	3070230528	3103784960	3170893824	3170893824	3170893824
     128	     0.0	0	0	0	0	0	0	0	0	0	0	0	0	0	0	0	0	0
     256	     0.0	0	0	0	0	0	0	0	0	0	0	0	0	0	0	0	0	0
     512	11568.047732	1028096	1089536	1122304	1171456	1220608	1286144	2039808	2867200	3293184	3719168	4292608	4816896	5865472	6258688	7700480	8978432	15400960
    1024	11403.319889	1044480	1089536	1122304	1171456	1220608	1302528	2023424	2932736	3358720	3784704	4358144	4816896	5799936	6193152	7307264	7962624	10682368
    2048	10332.722243	1089536	1155072	1204224	1286144	1400832	1581056	2473984	3162112	3620864	4112384	4751360	5341184	6455296	7045120	8454144	9371648	13434880
    4096	9800.706643	1171456	1236992	1286144	1384448	1499136	1695744	2670592	3358720	3817472	4292608	4947968	5537792	6651904	7176192	8290304	8847360	10813440
    8192	9126.058263	1253376	1335296	1384448	1482752	1597440	1777664	2899968	3686400	4145152	4620288	5275648	5865472	7045120	7503872	8454144	8978432	10682368
   16384	8367.142191	1368064	1449984	1531904	1646592	1761280	1974272	3293184	4014080	4489216	5013504	5668864	6324224	7503872	8028160	9109504	9895936	11337728
   32768	5941.839149	1761280	1875968	1957888	2113536	2310144	2572288	3063808	5734400	6586368	7372800	8585216	9502720	11468800	12386304	14614528	15532032	21626880
   65536	3989.867342	2277376	2441216	2572288	2768896	3031040	3424256	4046848	8454144	10289152	11862016	13828096	15663104	19267584	20578304	23986176	25559040	28180480
  131072	2478.069591	3424256	3686400	3883008	4227072	4685824	5210112	5799936	12779520	16908288	20054016	23724032	26869760	33423360	36438016	43778048	47448064	51118080
  262144	1419.418252	6062080	6586368	6914048	7307264	7634944	7962624	8454144	9240576	31064064	38010880	45350912	51642368	64225280	69730304	84410368	91750400	104333312
  524288	770.348159	10551296	11337728	11993088	13041664	13565952	14090240	14614528	15400960	58458112	73924608	89653248	101187584	126353408	135266304	154140672	166723584	177209344
 1048576	409.928369	19529728	21102592	21889024	22937600	23724032	24248320	25034752	26345472	33161216	158334976	181403648	202375168	235929600	246415360	278921216	283115520	299892736
 2097152	208.341655	33423360	36962304	39059456	42205184	44826624	47448064	50069504	53739520	62128128	329252864	371195904	396361728	450887680	476053504	492830720	501219328	505413632
 4194304	106.951516	67633152	74973184	79167488	84410368	88604672	91750400	95944704	101187584	111673344	658505728	725614592	767557632	834666496	851443712	884998144	910163968	968884224
 8388608	53.645937	131596288	145752064	154140672	164626432	177209344	185597952	191889408	200278016	217055232	1317011456	1468006400	1518338048	1635778560	1669332992	1702887424	1719664640	1719664640
16777216	30.30303	128450560	187695104	206569472	278921216	341835776	371195904	379584512	392167424	413138944	2088763392	2868903936	2936012800	3103784960	3137339392	3170893824	3170893824	3170893824
     128	     0.0	0	0	0	0	0	0	0	0	0	0	0	0	0	0	0	0	0
     256	     0.0	0	0	0	0	0	0	0	0	0	0	0	0	0	0	0	0	0
     512	13446.618446	946176	1011712	1056768	1105920	1138688	1204224	1286144	1728512	2736128	3358720	4046848	4554752	5603328	6062080	7110656	7897088	17956864
    1024	11511.449618	1036288	1089536	1122304	1155072	1204224	1269760	1826816	2932736	3358720	3784704	4358144	4816896	5799936	6193152	7176192	7700480	9240576
    2048	10503.183227	1089536	1155072	1187840	1269760	1351680	1515520	2408448	3129344	3555328	4046848	4685824	5210112	6455296	6914048	8716288	9895936	15794176
    4096	9982.033932	1171456	1220608	1269760	1335296	1433600	1597440	2539520	3293184	3784704	4292608	4947968	5472256	6651904	7110656	8224768	8585216	9633792
    8192	9307.089764	1236992	1302528	1351680	1417216	1515520	1712128	2736128	3588096	4079616	4554752	5275648	5799936	6979584	7438336	8585216	9109504	11206656
   16384	8550.148328	1368064	1433600	1482752	1564672	1662976	1908736	3194880	3948544	4423680	4947968	5603328	6193152	7372800	7897088	8978432	9371648	10551296
   32768	6195.993467	1712128	1826816	1908736	2039808	2211840	2605056	3751936	5341184	6127616	6979584	8093696	8978432	10944512	11599872	13303808	14352384	20316160
   65536	4169.288714	2244608	2375680	2506752	2703360	2965504	3457024	4145152	7766016	9502720	11075584	13172736	14876672	18219008	19529728	22151168	23199744	26083328
  131072	2623.796034	3325952	3522560	3686400	4014080	4554752	5210112	5865472	11730944	15532032	18481152	22151168	25034752	30801920	32899072	38010880	39583744	43253760
  262144	1521.717407	5799936	6258688	6586368	7045120	7372800	7766016	8159232	8978432	27656192	34340864	41680896	47972352	59506688	64225280	73924608	78118912	88604672
  524288	815.479959	9895936	10813440	11337728	12255232	13041664	13697024	14221312	15007744	49545216	68681728	85458944	98041856	123207680	129499136	149946368	152043520	179306496
 1048576	424.515097	17170432	18743296	20054016	21626880	22675456	23724032	24510464	25559040	27656192	156237824	181403648	200278016	231735296	246415360	274726912	295698432	308281344
 2097152	219.695709	28704768	31850496	34340864	38010880	41680896	44826624	47972352	51642368	57409536	320864256	362807296	387973120	425721856	438304768	480247808	501219328	509607936
 4194304	106.274731	70778880	76021760	80216064	84410368	88604672	93847552	98041856	103284736	112721920	650117120	725614592	767557632	817889280	843055104	876609536	901775360	901775360
 8388608	54.320087	135266304	145752064	154140672	168820736	177209344	185597952	191889408	200278016	212860928	1249902592	1417674752	1484783616	1551892480	1568669696	1619001344	1702887424	1702887424
16777216	28.072838	250609664	270532608	278921216	299892736	358612992	375390208	383778816	396361728	417333248	2164260864	2801795072	2868903936	3036676096	3036676096	3137339392	3137339392	3137339392
     128	     0.0	0	0	0	0	0	0	0	0	0	0	0	0	0	0	0	0	0
     256	     0.0	0	0	0	0	0	0	0	0	0	0	0	0	0	0	0	0	0
     512	11514.716176	1028096	1089536	1122304	1171456	1220608	1286144	2039808	2899968	3325952	3751936	4292608	4816896	5865472	6324224	7766016	8585216	14483456
    1024	11381.28729	1044480	1089536	1122304	1187840	1236992	1318912	1990656	2932736	3358720	3784704	4358144	4882432	5799936	6258688	7372800	7897088	9764864
    2048	10288.790374	1105920	1171456	1220608	1302528	1417216	1597440	2473984	3194880	3653632	4112384	4751360	5275648	6455296	6914048	8355840	9109504	13172736
    4096	9776.940769	1171456	1236992	1302528	1384448	1499136	1695744	2703360	3391488	3850240	4292608	4947968	5472256	6651904	7110656	8290304	8847360	11730944
    8192	9103.696543	1253376	1318912	1384448	1482752	1597440	1794048	2932736	3686400	4177920	4620288	5275648	5865472	7045120	7438336	8585216	8978432	10420224
   16384	8262.757908	1368064	1449984	1531904	1646592	1777664	1990656	3293184	4046848	4554752	5079040	5799936	6389760	7766016	8290304	9502720	10158080	11468800
   32768	5848.971701	1744896	1875968	1957888	2113536	2310144	2572288	3063808	5799936	6717440	7569408	8716288	9764864	12124160	13172736	15269888	16318464	21889024
   65536	3926.576456	2277376	2441216	2572288	2801664	3031040	3457024	4046848	8454144	10420224	11993088	14221312	16056320	20316160	21889024	26083328	28180480	32112640
  131072	2422.348864	3424256	3686400	3883008	4227072	4751360	5275648	5865472	12386304	17432576	20578304	24510464	27918336	35913728	40108032	49020928	52166656	59506688
  262144	1381.826664	6062080	6586368	6914048	7372800	7700480	8093696	8585216	9502720	31588352	38535168	46923776	54263808	71827456	81264640	99090432	106430464	122159104
  524288	758.830978	10682368	11468800	12124160	13172736	13697024	14221312	14745600	15794176	58982400	73924608	90701824	104333312	128450560	139460608	173015040	183500800	200278016
 1048576	403.251599	20316160	21626880	22151168	23199744	23986176	24772608	25559040	26869760	40108032	158334976	183500800	204472320	235929600	244318208	258998272	263192576	283115520
 2097152	210.200619	32636928	36438016	38535168	41680896	44302336	46923776	49545216	53215232	61603840	329252864	367001600	396361728	438304768	459276288	488636416	501219328	517996544
 4194304	107.355534	64749568	71827456	77070336	83361792	88604672	91750400	95944704	101187584	112721920	650117120	725614592	759169024	826277888	851443712	901775360	935329792	960495616
 8388608	53.716138	124256256	135266304	145752064	164626432	177209344	185597952	193986560	202375168	217055232	1317011456	1451229184	1518338048	1619001344	1669332992	1853882368	1971322880	1971322880
16777216	37.620268	68681728	103284736	111673344	187695104	261095424	341835776	367001600	387973120	408944640	910163968	2768240640	2936012800	3036676096	3070230528	3103784960	3103784960	3103784960
     128	     0.0	0	0	0	0	0	0	0	0	0	0	0	0	0	0	0	0	0
     256	     0.0	0	0	0	0	0	0	0	0	0	0	0	0	0	0	0	0	0
     512	11697.210093	1019904	1073152	1105920	1155072	1187840	1269760	1892352	2834432	3260416	3686400	4292608	4751360	5799936	6193152	7241728	7831552	10682368
    1024	11468.217726	1036288	1089536	1122304	1155072	1204224	1269760	1761280	2932736	3358720	3784704	4358144	4882432	5865472	6258688	7503872	8290304	10289152
    2048	10459.918003	1089536	1155072	1187840	1253376	1335296	1499136	2375680	3129344	3620864	4079616	4751360	5275648	6455296	6914048	8585216	9764864	19791872
    4096	9976.0008	1171456	1220608	1269760	1335296	1417216	1597440	2572288	3325952	3784704	4292608	4947968	5472256	6586368	7045120	8159232	8585216	9764864
    8192	9242.425252	1236992	1302528	1351680	1417216	1515520	1712128	2736128	3653632	4145152	4620288	5275648	5865472	6979584	7438336	8716288	9240576	13172736
   16384	8442.903806	1368064	1433600	1482752	1564672	1679360	1925120	3227648	3981312	4489216	5013504	5668864	6258688	7503872	8028160	9371648	10027008	11075584
   32768	5948.205179	1712128	1826816	1908736	2039808	2211840	2572288	3489792	5734400	6586368	7372800	8585216	9502720	11599872	12386304	14352384	15269888	20578304
   65536	3992.600493	2244608	2375680	2506752	2703360	2965504	3424256	4079616	8355840	10289152	11862016	13959168	15663104	19267584	20840448	24248320	25821184	29753344
  131072	2481.851815	3325952	3555328	3719168	4046848	4620288	5275648	5931008	12779520	16908288	20054016	23724032	26869760	33816576	36438016	43253760	46399488	53215232
  262144	1424.820048	5996544	6455296	6782976	7241728	7569408	7897088	8290304	9109504	31064064	38010880	45350912	51642368	65798144	71827456	85458944	90701824	103284736
  524288	770.094267	10551296	11337728	11862016	13041664	13565952	14090240	14614528	15400960	58982400	73924608	89653248	101187584	124256256	132644864	152043520	162529280	179306496
 1048576	408.099377	19791872	21102592	21889024	22937600	23724032	24510464	25296896	26345472	33816576	160432128	183500800	198180864	227540992	238026752	270532608	283115520	295698432
 2097152	211.945665	33816576	37486592	39059456	41680896	43778048	46399488	49020928	52166656	58982400	325058560	367001600	387973120	429916160	442499072	488636416	492830720	513802240
 4194304	106.235489	69730304	74973184	79167488	85458944	89653248	92798976	96993280	101187584	112721920	658505728	725614592	759169024	817889280	843055104	876609536	876609536	876609536
 8388608	53.925456	133693440	141557760	149946368	168820736	181403648	187695104	193986560	200278016	217055232	1283457024	1417674752	1484783616	1551892480	1568669696	1619001344	1619001344	1619001344
16777216	30.623441	106430464	187695104	196083712	278921216	346030080	367001600	383778816	392167424	425721856	1887436800	2801795072	2936012800	3103784960	3103784960	3170893824	3170893824	3170893824
     128	     0.0	0	0	0	0	0	0	0	0	0	0	0	0	0	0	0	0	0
     256	     0.0	0	0	0	0	0	0	0	0	0	0	0	0	0	0	0	0	0
     512	13249.558348	929792	1011712	1056768	1122304	1171456	1220608	1335296	1794048	2768896	3391488	4079616	4620288	5668864	6127616	7372800	8847360	18743296
    1024	11457.618079	1036288	1089536	1122304	1171456	1220608	1302528	1990656	2932736	3358720	3784704	4358144	4816896	5799936	6193152	7176192	7766016	9895936
    2048	10445.518483	1089536	1155072	1204224	1286144	1384448	1564672	2441216	3129344	3588096	4046848	4685824	5210112	6389760	6914048	8224768	9371648	13828096
    4096	9840.471984	1171456	1236992	1286144	1368064	1499136	1695744	2637824	3325952	3784704	4292608	4947968	5472256	6651904	7110656	8224768	8716288	10551296
    8192	9191.293624	1236992	1318912	1368064	1466368	1581056	1777664	2834432	3620864	4112384	4620288	5275648	5799936	7045120	7503872	8585216	9109504	13565952
   16384	8457.951402	1368064	1449984	1515520	1630208	1761280	1974272	3260416	3981312	4423680	4947968	5603328	6193152	7372800	7831552	8978432	9502720	10551296
   32768	6179.221385	1744896	1875968	1974272	2113536	2310144	2572288	3719168	5341184	6193152	6979584	8093696	8978432	10944512	11599872	13172736	14090240	19529728
   65536	4176.609785	2277376	2441216	2539520	2768896	3031040	3424256	4046848	7766016	9502720	11075584	13172736	14745600	18219008	19529728	22413312	23461888	26083328
  131072	2609.392707	3391488	3653632	3850240	4227072	4620288	5144576	5799936	11862016	15532032	18481152	22151168	25296896	31326208	33816576	38010880	40108032	46399488
  262144	1515.647392	5865472	6324224	6651904	7110656	7438336	7831552	8224768	9240576	27394048	34340864	42205184	48496640	60030976	63700992	73924608	78118912	92798976
  524288	810.72345	10027008	10944512	11468800	12386304	13172736	13697024	14352384	15138816	49545216	67633152	85458944	99090432	126353408	137363456	156237824	160432128	173015040
 1048576	425.492221	17170432	18743296	20054016	21626880	22675456	23724032	24510464	25296896	27394048	156237824	183500800	200278016	229638144	242221056	261095424	274726912	283115520
 2097152	219.847532	27918336	30539776	33161216	37486592	41680896	44826624	48496640	52166656	58458112	320864256	362807296	392167424	434110464	446693376	480247808	492830720	509607936
 4194304	105.305199	70778880	77070336	81264640	85458944	89653248	93847552	98041856	103284736	113770496	658505728	725614592	767557632	834666496	859832320	893386752	935329792	968884224
 8388608	54.351793	130547712	143654912	149946368	164626432	177209344	185597952	191889408	202375168	217055232	1216348160	1434451968	1518338048	1619001344	1635778560	1652555776	1669332992	1669332992
16777216	27.877431	238026752	265289728	278921216	299892736	350224384	371195904	387973120	400556032	421527552	2264924160	2902458368	2936012800	3070230528	3103784960	3170893824	3170893824	3170893824
     128	     0.0	0	0	0	0	0	0	0	0	0	0	0	0	0	0	0	0	0
     256	     0.0	0	0	0	0	0	0	0	0	0	0	0	0	0	0	0	0	0
     512	11612.179594	1019904	1073152	1105920	1155072	1187840	1253376	1728512	2867200	3293184	3751936	4292608	4816896	5865472	6324224	7634944	8454144	10682368
    1024	11438.985367	1044480	1089536	1122304	1171456	1204224	1286144	1826816	2932736	3358720	3784704	4358144	4882432	5799936	6193152	7307264	7962624	10682368
    2048	10380.841277	1089536	1155072	1187840	1269760	1351680	1531904	2408448	3162112	3620864	4112384	4751360	5341184	6520832	7045120	8585216	9895936	14483456
    4096	9910.569648	1171456	1220608	1269760	1335296	1417216	1597440	2539520	3358720	3817472	4292608	4947968	5537792	6651904	7110656	8093696	8585216	9633792
    8192	9189.727009	1253376	1318912	1368064	1433600	1531904	1712128	2768896	3653632	4145152	4620288	5341184	5931008	7110656	7569408	8847360	9371648	11206656
   16384	8333.722209	1368064	1433600	1482752	1581056	1679360	1925120	3194880	4046848	4554752	5079040	5799936	6455296	7831552	8454144	10027008	10682368	12386304
   32768	5831.877875	1712128	1826816	1908736	2039808	2211840	2572288	3424256	5799936	6717440	7569408	8847360	9895936	12517376	13565952	16580608	17956864	22151168
   65536	3905.049158	2244608	2408448	2539520	2736128	2998272	3457024	4145152	8454144	10551296	12124160	14352384	16187392	20578304	22151168	26083328	27656192	31850496
  131072	2416.722207	3358720	3555328	3719168	4046848	4685824	5341184	5996544	11862016	17170432	20578304	24510464	28442624	37486592	41680896	51642368	55312384	61603840
  262144	1381.052351	5996544	6520832	6848512	7307264	7700480	8028160	8454144	9371648	31588352	39059456	47448064	54263808	71827456	81264640	98041856	105381888	123207680
  524288	758.122022	10551296	11337728	12124160	13172736	13697024	14221312	14876672	15925248	60030976	74973184	90701824	102236160	126353408	137363456	154140672	158334976	166723584
 1048576	400.732967	20316160	21626880	22413312	23461888	24248320	25034752	25821184	27394048	113770496	158334976	183500800	200278016	233832448	244318208	265289728	274726912	283115520
 2097152	213.292066	33816576	36962304	39059456	41680896	43778048	46399488	48496640	52166656	60555264	320864256	358612992	379584512	417333248	434110464	467664896	471859200	501219328
 4194304	107.02886	67633152	72876032	76021760	83361792	88604672	93847552	96993280	102236160	112721920	658505728	725614592	750780416	801112064	817889280	834666496	843055104	859832320
 8388608	54.850783	126353408	137363456	143654912	160432128	177209344	183500800	189792256	196083712	210763776	1266679808	1434451968	1501560832	1568669696	1585446912	1635778560	1686110208	1686110208
16777216	35.796344	56885248	102236160	147849216	193986560	295698432	354418688	375390208	387973120	404750336	943718400	2835349504	2936012800	3036676096	3070230528	3137339392	3137339392	3137339392
     128	     0.0	0	0	0	0	0	0	0	0	0	0	0	0	0	0	0	0	0
     256	     0.0	0	0	0	0	0	0	0	0	0	0	0	0	0	0	0	0	0
     512	11876.837439	1011712	1073152	1122304	1171456	1220608	1302528	1794048	2670592	3162112	3620864	4227072	4751360	5799936	6193152	7634944	8585216	11862016
    1024	11475.384154	1036288	1089536	1122304	1171456	1220608	1302528	1875968	2899968	3358720	3784704	4358144	4816896	5799936	6193152	7045120	7569408	9109504
    2048	10315.622813	1105920	1171456	1220608	1302528	1417216	1597440	2506752	3162112	3620864	4079616	4751360	5275648	6455296	6914048	8454144	9502720	15532032
    4096	9823.972534	1171456	1236992	1286144	1368064	1499136	1712128	2637824	3358720	3817472	4292608	4947968	5472256	6586368	7045120	8290304	8978432	11862016
    8192	9148.190121	1236992	1318912	1384448	1466368	1581056	1777664	2867200	3653632	4145152	4620288	5275648	5865472	7045120	7569408	8585216	9109504	10420224
   16384	8417.619413	1368064	1449984	1515520	1630208	1761280	1974272	3293184	3981312	4489216	4947968	5668864	6258688	7438336	7897088	8978432	9502720	10682368
   32768	6027.831478	1744896	1875968	1957888	2113536	2310144	2572288	3162112	5603328	6455296	7241728	8355840	9240576	11075584	11862016	13697024	14614528	19267584
   65536	4071.497617	2277376	2441216	2572288	2768896	3031040	3424256	4014080	8224768	10027008	11468800	13434880	15138816	18743296	20054016	23199744	23986176	26083328
  131072	2526.296494	3391488	3653632	3850240	4227072	4685824	5210112	5799936	12648448	16580608	19267584	23199744	26083328	32374784	34865152	40632320	42729472	46399488
  262144	1456.820151	5931008	6455296	6782976	7241728	7569408	7897088	8290304	8978432	29753344	36438016	44302336	50593792	62128128	66846720	78118912	83361792	87556096
  524288	782.691282	10420224	11206656	11862016	12779520	13434880	13959168	14483456	15269888	55836672	71827456	88604672	102236160	127401984	135266304	154140672	162529280	185597952
 1048576	415.903261	18481152	20316160	21364736	22413312	23461888	23986176	24772608	25821184	29229056	158334976	181403648	200278016	231735296	240123904	265289728	270532608	274726912
 2097152	212.034479	32112640	35389440	38010880	41156608	43778048	46399488	49020928	52690944	59506688	325058560	367001600	392167424	446693376	463470592	492830720	497025024	526385152
 4194304	106.198799	68681728	74973184	79167488	84410368	88604672	92798976	96993280	102236160	111673344	658505728	725614592	767557632	817889280	843055104	868220928	884998144	901775360
 8388608	53.707508	131596288	143654912	154140672	168820736	179306496	187695104	193986560	202375168	219152384	1300234240	1451229184	1501560832	1568669696	1585446912	1602224128	1619001344	1619001344
16777216	28.169481	154140672	242221056	274726912	299892736	350224384	371195904	383778816	396361728	417333248	2264924160	2868903936	2969567232	3103784960	3137339392	3372220416	3372220416	3372220416
     128	     0.0	0	0	0	0	0	0	0	0	0	0	0	0	0	0	0	0	0
     256	     0.0	0	0	0	0	0	0	0	0	0	0	0	0	0	0	0	0	0
     512	12059.798007	1011712	1056768	1089536	1138688	1187840	1253376	1744896	2637824	3129344	3588096	4227072	4751360	5734400	6193152	7438336	8159232	11206656
    1024	11487.950402	1044480	1089536	1122304	1155072	1204224	1269760	1810432	2932736	3358720	3784704	4358144	4816896	5865472	6258688	7372800	8093696	10027008
    2048	10456.618113	1089536	1155072	1187840	1269760	1351680	1499136	2408448	3129344	3588096	4079616	4751360	5275648	6455296	6979584	8454144	9764864	14483456
    4096	9970.500983	1171456	1220608	1269760	1335296	1433600	1597440	2539520	3293184	3784704	4292608	4947968	5472256	6651904	7176192	8290304	8716288	10027008
    8192	9256.258125	1236992	1302528	1351680	1433600	1515520	1695744	2736128	3620864	4112384	4620288	5275648	5865472	7045120	7503872	8716288	9371648	13172736
   16384	8534.831011	1368064	1433600	1482752	1564672	1679360	1908736	3227648	3948544	4423680	4947968	5603328	6193152	7372800	7831552	8847360	9371648	10682368
   32768	6055.662956	1712128	1826816	1908736	2039808	2211840	2605056	3620864	5603328	6389760	7176192	8290304	9240576	11075584	11730944	13565952	14876672	20316160
   65536	4074.223437	2244608	2375680	2506752	2703360	2965504	3457024	4112384	8290304	10027008	11468800	13434880	15138816	18481152	19791872	22675456	23986176	26607616
  131072	2534.27762	3325952	3555328	3719168	4046848	4620288	5275648	5931008	12779520	16580608	19529728	22937600	25821184	31850496	33816576	39059456	41156608	44826624
  262144	1468.426139	5865472	6389760	6717440	7176192	7503872	7831552	8224768	8978432	30015488	36438016	43253760	49545216	61079552	66322432	76021760	82313216	85458944
  524288	784.34574	10289152	11206656	11730944	12779520	13434880	13959168	14483456	15138816	56360960	71827456	87556096	101187584	127401984	137363456	158334976	173015040	183500800
 1048576	413.836771	18481152	20316160	21364736	22413312	23199744	23986176	24772608	25821184	28442624	160432128	185597952	204472320	233832448	246415360	270532608	287309824	291504128
 2097152	213.396365	32899072	36438016	38535168	41156608	43253760	45875200	48496640	52166656	60030976	325058560	362807296	392167424	429916160	442499072	492830720	513802240	522190848
 4194304	106.438197	69730304	76021760	79167488	85458944	89653248	93847552	98041856	103284736	114819072	650117120	717225984	750780416	801112064	809500672	843055104	851443712	868220928
 8388608	54.06034	135266304	145752064	156237824	168820736	179306496	185597952	193986560	200278016	214958080	1283457024	1434451968	1484783616	1568669696	1602224128	1669332992	1686110208	1686110208
16777216	28.00517	177209344	261095424	287309824	308281344	354418688	371195904	379584512	392167424	417333248	2432696320	2801795072	2902458368	3003121664	3070230528	3137339392	3137339392	3137339392
     128	     0.0	0	0	0	0	0	0	0	0	0	0	0	0	0	0	0	0	0
     256	     0.0	0	0	0	0	0	0	0	0	0	0	0	0	0	0	0	0	0
     512	11657.678077	1019904	1073152	1105920	1138688	1187840	1253376	1826816	2867200	3293184	3719168	4292608	4816896	5865472	6324224	7503872	8224768	11599872
    1024	11440.651978	1036288	1089536	1122304	1171456	1220608	1286144	1859584	2932736	3358720	3784704	4358144	4882432	5865472	6258688	7503872	8224768	10420224
    2048	10387.753742	1089536	1155072	1204224	1269760	1351680	1531904	2408448	3162112	3620864	4112384	4751360	5341184	6520832	7045120	8454144	9240576	13434880
    4096	9961.60128	1171456	1220608	1269760	1335296	1417216	1581056	2572288	3325952	3784704	4292608	4947968	5472256	6586368	7110656	8290304	8847360	10027008
    8192	9208.759708	1236992	1302528	1351680	1433600	1515520	1712128	2768896	3653632	4145152	4620288	5341184	5865472	7045120	7503872	8585216	9109504	11337728
   16384	8397.18676	1368064	1433600	1499136	1581056	1679360	1925120	3227648	4014080	4489216	5013504	5734400	6324224	7634944	8159232	9502720	10158080	12124160
   32768	5901.206586	1712128	1826816	1908736	2039808	2211840	2572288	3457024	5799936	6651904	7503872	8585216	9633792	11730944	12648448	15007744	16318464	22151168
   65536	3955.036331	2244608	2408448	2506752	2736128	2998272	3424256	4112384	8585216	10420224	11993088	14090240	15925248	19791872	21102592	24510464	26083328	29229056
  131072	2449.458424	3358720	3555328	3719168	4046848	4620288	5341184	5996544	12517376	17170432	20316160	24248320	27394048	34340864	37486592	43778048	46399488	50593792
  262144	1405.38559	5996544	6520832	6848512	7307264	7634944	7962624	8355840	9240576	31326208	38010880	46399488	53215232	68681728	76021760	89653248	93847552	111673344
  524288	765.552151	10551296	11337728	11993088	13041664	13697024	14221312	14745600	15663104	60555264	74973184	89653248	100139008	122159104	132644864	152043520	156237824	168820736
 1048576	406.230218	20054016	21364736	22151168	23199744	23986176	24772608	25559040	26869760	53215232	158334976	181403648	198180864	227540992	248512512	274726912	283115520	291504128
 2097152	211.181364	34340864	37486592	39583744	42205184	44302336	46923776	49020928	52690944	60555264	320864256	362807296	387973120	434110464	450887680	497025024	501219328	509607936
 4194304	106.383684	66322432	72876032	78118912	84410368	88604672	93847552	98041856	102236160	112721920	650117120	717225984	759169024	834666496	876609536	943718400	960495616	968884224
 8388608	54.463487	132644864	141557760	147849216	166723584	179306496	185597952	191889408	196083712	208666624	1283457024	1434451968	1484783616	1585446912	1619001344	1635778560	1652555776	1652555776
16777216	32.479201	67633152	152043520	187695104	242221056	337641472	367001600	383778816	392167424	438304768	1249902592	2835349504	2902458368	3036676096	3103784960	3137339392	3137339392	3137339392
     128	     0.0	0	0	0	0	0	0	0	0	0	0	0	0	0	0	0	0	0
     256	     0.0	0	0	0	0	0	0	0	0	0	0	0	0	0	0	0	0	0
     512	12715.542815	987136	1056768	1089536	1138688	1187840	1269760	1400832	2146304	2932736	3489792	4145152	4685824	5734400	6193152	7503872	8454144	15269888
    1024	11444.551848	1036288	1089536	1122304	1171456	1220608	1286144	1826816	2932736	3358720	3784704	4358144	4816896	5865472	6258688	7307264	7700480	9502720
    2048	10420.085997	1089536	1155072	1204224	1286144	1384448	1564672	2441216	3129344	3588096	4046848	4685824	5275648	6455296	6914048	8585216	9633792	14221312
    4096	9857.404753	1171456	1236992	1286144	1384448	1499136	1679360	2637824	3325952	3784704	4292608	4947968	5472256	6651904	7110656	8159232	8716288	10158080
    8192	9180.260658	1253376	1318912	1384448	1482752	1597440	1777664	2867200	3620864	4112384	4620288	5275648	5865472	7045120	7503872	8716288	9371648	13303808
   16384	8452.751575	1351680	1449984	1515520	1630208	1761280	1957888	3260416	3981312	4423680	4947968	5603328	6193152	7372800	7831552	8847360	9240576	10289152
   32768	6127.429086	1761280	1875968	1957888	2113536	2310144	2572288	3293184	5406720	6258688	7110656	8159232	9109504	10944512	11730944	13434880	14221312	20316160
   65536	4153.584642	2277376	2441216	2539520	2768896	3031040	3424256	4014080	7962624	9633792	11206656	13172736	14745600	18219008	19267584	22151168	23461888	26345472
  131072	2589.12145	3391488	3653632	3850240	4227072	4620288	5144576	5734400	12124160	15925248	18743296	22413312	25296896	31064064	33423360	38010880	39583744	43253760
  262144	1502.566153	5865472	6389760	6717440	7110656	7503872	7831552	8224768	9109504	28442624	34865152	42205184	47972352	60030976	64225280	71827456	74973184	82313216
  524288	802.432522	10158080	10944512	11599872	12517376	13172736	13828096	14352384	15138816	52166656	69730304	86507520	101187584	124256256	135266304	152043520	158334976	168820736
 1048576	422.761791	17694720	19267584	20316160	21889024	22937600	23724032	24510464	25296896	27394048	154140672	183500800	202375168	240123904	250609664	274726912	278921216	299892736
 2097152	216.536745	29491200	32112640	34865152	39059456	42729472	45875200	49020928	52690944	60030976	325058560	362807296	387973120	429916160	442499072	459276288	467664896	480247808
 4194304	106.55574	71827456	77070336	80216064	85458944	88604672	91750400	95944704	102236160	114819072	650117120	725614592	759169024	817889280	843055104	868220928	884998144	893386752
 8388608	53.726399	130547712	143654912	154140672	168820736	181403648	187695104	196083712	202375168	221249536	1283457024	1451229184	1501560832	1602224128	1619001344	1652555776	1669332992	1669332992
16777216	28.022868	240123904	265289728	278921216	312475648	350224384	367001600	375390208	392167424	421527552	2231369728	2868903936	2936012800	3036676096	3070230528	3103784960	3103784960	3103784960
     128	     0.0	0	0	0	0	0	0	0	0	0	0	0	0	0	0	0	0	0
     256	     0.0	0	0	0	0	0	0	0	0	0	0	0	0	0	0	0	0	0
     512	11671.621892	1019904	1089536	1122304	1171456	1220608	1302528	1990656	2768896	3227648	3686400	4292608	4751360	5799936	6258688	7766016	8585216	11468800
    1024	11450.851638	1036288	1089536	1122304	1171456	1220608	1302528	1826816	2932736	3358720	3784704	4358144	4816896	5799936	6258688	7241728	7700480	8978432
    2048	10314.556181	1089536	1155072	1204224	1286144	1417216	1613824	2506752	3162112	3620864	4079616	4751360	5275648	6455296	6979584	8454144	9633792	15269888
    4096	9829.805673	1171456	1236992	1286144	1368064	1499136	1695744	2637824	3358720	3817472	4292608	4947968	5472256	6651904	7110656	8290304	8978432	11337728
    8192	9125.829139	1236992	1318912	1384448	1482752	1597440	1777664	2867200	3653632	4145152	4620288	5341184	5865472	7045120	7569408	8585216	8978432	11599872
   16384	8399.306713	1368064	1449984	1515520	1646592	1761280	1990656	3293184	4014080	4489216	4947968	5668864	6193152	7438336	7897088	9109504	9502720	11075584
   32768	6007.099527	1761280	1875968	1957888	2113536	2310144	2572288	3096576	5668864	6455296	7307264	8355840	9371648	11206656	11993088	13565952	14352384	21889024
   65536	4031.865604	2277376	2441216	2572288	2768896	3031040	3424256	4014080	8454144	10158080	11599872	13697024	15400960	18743296	20316160	23199744	24510464	28180480
  131072	2498.150308	3424256	3686400	3883008	4227072	4685824	5210112	5799936	12779520	16908288	19791872	23461888	26345472	32636928	35389440	41680896	43778048	47972352
  262144	1434.649342	5996544	6520832	6848512	7241728	7569408	7897088	8290304	9109504	30539776	36962304	44826624	51642368	64225280	68681728	81264640	88604672	109576192
  524288	773.916231	10551296	11337728	11993088	12910592	13565952	14090240	14483456	15269888	56885248	71827456	89653248	103284736	127401984	141557760	173015040	183500800	200278016
 1048576	413.175248	19005440	20840448	21626880	22675456	23461888	24248320	24772608	25821184	30801920	156237824	183500800	202375168	235929600	248512512	270532608	278921216	299892736
 2097152	212.117177	32636928	35913728	38535168	41156608	43778048	45875200	49020928	52690944	61079552	329252864	362807296	387973120	429916160	446693376	480247808	488636416	530579456
 4194304	106.600166	67633152	74973184	79167488	83361792	87556096	91750400	95944704	101187584	110624768	675282944	734003200	767557632	826277888	834666496	868220928	884998144	893386752
 8388608	53.769493	127401984	141557760	149946368	164626432	177209344	187695104	196083712	202375168	219152384	1300234240	1468006400	1518338048	1602224128	1619001344	1652555776	1686110208	1686110208
16777216	28.680498	145752064	231735296	254803968	291504128	350224384	371195904	379584512	392167424	408944640	2231369728	2902458368	2969567232	3036676096	3103784960	3170893824	3170893824	3170893824
