     128	     423	       0
     256	    1115	       0
     512	    2393	       0
    1024	    4819	       0
    2048	    9566	       0
    4096	   18764	       0
    8192	   26697	       0
   16384	   50621	       0
   32768	   55018	       0
   65536	   60767	       0
  131072	   62263	       0
  262144	   65535	       0
  524288	   69817	       0
 1048576	   65613	       0
 2097152	   67522	       0
 4194304	   76488	       0
 8388608	   64693	       0
16777216	   61321	       0
     128	     187	       0
     256	     949	       0
     512	    2252	       0
    1024	    4734	       0
    2048	    9343	       0
    4096	   18563	       0
    8192	   25472	       0
   16384	   49844	       0
   32768	   95224	       0
   65536	  124164	       0
  131072	  128758	       0
  262144	  102001	       0
  524288	   69633	       0
 1048576	   70253	       0
 2097152	   74266	       0
 4194304	   86598	       0
 8388608	   76836	       0
16777216	   80744	       0
     128	     425	       0
     256	    1115	       0
     512	    2388	       0
    1024	    4829	       0
    2048	    9466	       0
    4096	   18780	       0
    8192	   26656	       0
   16384	   50375	       0
   32768	   48095	       0
   65536	   46609	       0
  131072	   66699	       0
  262144	   73036	       0
  524288	   77895	       0
 1048576	   78124	       0
 2097152	   77016	       0
 4194304	   70007	       0
 8388608	   71728	       0
16777216	   85309	       0
     128	     425	       0
     256	    1113	       0
     512	    2391	       0
    1024	    4831	       0
    2048	    9529	       0
    4096	   18719	       0
    8192	   26617	       0
   16384	   50585	       0
   32768	   55444	       0
   65536	   61057	       0
  131072	   59589	       0
  262144	   65432	       0
  524288	   66852	       0
 1048576	   70632	       0
 2097152	   68979	       0
 4194304	   62745	       0
 8388608	   68931	       0
16777216	   59760	       0
     128	     188	       0
     256	     948	       0
     512	    2256	       0
    1024	    4728	       0
    2048	    9459	       0
    4096	   18452	       0
    8192	   25452	       0
   16384	   49736	       0
   32768	   95453	       0
   65536	  115382	       0
  131072	  126140	       0
  262144	   99547	       0
  524288	   73419	       0
 1048576	   75069	       0
 2097152	   74693	       0
 4194304	   72870	       0
 8388608	   58369	       0
16777216	   70293	       0
     128	     188	       0
     256	     948	       0
     512	    2255	       0
    1024	    4730	       0
    2048	    9303	       0
    4096	   18588	       0
    8192	   25449	       0
   16384	   49567	       0
   32768	   95395	       0
   65536	  115982	       0
  131072	  124584	       0
  262144	  103281	       0
  524288	   68872	       0
 1048576	   68250	       0
 2097152	   67639	       0
 4194304	   56798	       0
 8388608	   62831	       0
16777216	   71539	       0
     128	     424	       0
     256	    1115	       0
     512	    2388	       0
    1024	    4821	       0
    2048	    9452	       0
    4096	   18745	       0
    8192	   26652	       0
   16384	   50531	       0
   32768	   48546	       0
   65536	   46977	       0
  131072	   67374	       0
  262144	   72441	       0
  524288	   73012	       0
 1048576	   76243	       0
 2097152	   78553	       0
 4194304	   78571	       0
 8388608	   77568	       0
16777216	   71852	       0
     128	     424	       0
     256	    1115	       0
     512	    2388	       0
    1024	    4824	       0
    2048	    9486	       0
    4096	   18667	       0
    8192	   26667	       0
   16384	   50406	       0
   32768	   48385	       0
   65536	   46099	       0
  131072	   67561	       0
  262144	   75306	       0
  524288	   75778	       0
 1048576	   69355	       0
 2097152	   76221	       0
 4194304	   75763	       0
 8388608	   70935	       0
16777216	   83352	       0
     128	     187	       0
     256	     950	       0
     512	    2251	       0
    1024	    4736	       0
    2048	    9235	       0
    4096	   18332	       0
    8192	   25471	       0
   16384	   49558	       0
   32768	   95481	       0
   65536	  123523	       0
  131072	  128784	       0
  262144	  100239	       0
  524288	   71152	       0
 1048576	   74302	       0
 2097152	   70558	       0
 4194304	   73743	       0
 8388608	   72648	       0
16777216	   84281	       0
     128	     424	       0
     256	    1115	       0
     512	    2388	       0
    1024	    4825	       0
    2048	    9502	       0
    4096	   18688	       0
    8192	   26694	       0
   16384	   50503	       0
   32768	   48508	       0
   65536	   46738	       0
  131072	   66207	       0
  262144	   74996	       0
  524288	   73169	       0
 1048576	   72486	       0
 2097152	   78931	       0
 4194304	   73999	       0
 8388608	   71710	       0
16777216	   82260	       0
     128	     424	       0
     256	    1117	       0
     512	    2395	       0
    1024	    4824	       0
    2048	    9517	       0
    4096	   18744	       0
    8192	   26592	       0
   16384	   50594	       0
   32768	   55448	       0
   65536	   60702	       0
  131072	   61382	       0
  262144	   69808	       0
  524288	   66852	       0
 1048576	   74840	       0
 2097152	   63812	       0
 4194304	   73025	       0
 8388608	   73871	       0
16777216	   69940	       0
     128	     188	       0
     256	     951	       0
     512	    2251	       0
    1024	    4728	       0
    2048	    9269	       0
    4096	   18490	       0
    8192	   25508	       0
   16384	   49549	       0
   32768	   95425	       0
   65536	  115843	       0
  131072	  122508	       0
  262144	  100459	       0
  524288	   71466	       0
 1048576	   72732	       0
 2097152	   69803	       0
 4194304	   60597	       0
 8388608	   70494	       0
16777216	   61832	       0
     128	     423	       0
     256	    1119	       0
     512	    2394	       0
    1024	    4825	       0
    2048	    9454	       0
    4096	   18814	       0
    8192	   26694	       0
   16384	   50449	       0
   32768	   48423	       0
   65536	   47846	       0
  131072	   66585	       0
  262144	   74366	       0
  524288	   71740	       0
 1048576	   75141	       0
 2097152	   78532	       0
 4194304	   67492	       0
 8388608	   76816	       0
16777216	   75388	       0
     128	     188	       0
     256	     950	       0
     512	    2261	       0
    1024	    4741	       0
    2048	    9248	       0
    4096	   18580	       0
    8192	   25454	       0
   16384	   49656	       0
   32768	   95444	       0
   65536	  115795	       0
  131072	  125470	       0
  262144	  102042	       0
  524288	   74603	       0
 1048576	   68890	       0
 2097152	   68822	       0
 4194304	   65885	       0
 8388608	   71760	       0
16777216	   60796	       0
     128	     424	       0
     256	    1115	       0
     512	    2389	       0
    1024	    4831	       0
    2048	    9454	       0
    4096	   18721	       0
    8192	   26655	       0
   16384	   50372	       0
   32768	   49043	       0
   65536	   47192	       0
  131072	   67524	       0
  262144	   75766	       0
  524288	   72658	       0
 1048576	   70713	       0
 2097152	   75824	       0
 4194304	   80091	       0
 8388608	   78219	       0
16777216	   87803	       0
     128	     188	       0
     256	     948	       0
     512	    2261	       0
    1024	    4720	       0
    2048	    9262	       0
    4096	   18675	       0
    8192	   25504	       0
   16384	   49648	       0
   32768	   95450	       0
   65536	  116175	       0
  131072	  123815	       0
  262144	  102509	       0
  524288	   69873	       0
 1048576	   68073	       0
 2097152	   67841	       0
 4194304	   65122	       0
 8388608	   57812	       0
16777216	   57154	       0
     128	     187	       0
     256	     948	       0
     512	    2255	       0
    1024	    4727	       0
    2048	    9402	       0
    4096	   18562	       0
    8192	   25474	       0
   16384	   49636	       0
   32768	   95614	       0
   65536	  123348	       0
  131072	  128762	       0
  262144	  100935	       0
  524288	   73343	       0
 1048576	   75253	       0
 2097152	   77886	       0
 4194304	   73777	       0
 8388608	   77522	       0
16777216	   79729	       0
     128	     188	       0
     256	     950	       0
     512	    2250	       0
    1024	    4729	       0
    2048	    9280	       0
    4096	   18591	       0
    8192	   25436	       0
   16384	   49651	       0
   32768	   95422	       0
   65536	  115323	       0
  131072	  124281	       0
  262144	   96483	       0
  524288	   73679	       0
 1048576	   71275	       0
 2097152	   70213	       0
 4194304	   61991	       0
 8388608	   59971	       0
16777216	   56128	       0
     128	     187	       0
     256	     950	       0
     512	    2255	       0
    1024	    4730	       0
    2048	    9298	       0
    4096	   18454	       0
    8192	   25474	       0
   16384	   49649	       0
   32768	   95750	       0
   65536	  123938	       0
  131072	  128784	       0
  262144	   99203	       0
  524288	   71655	       0
 1048576	   71825	       0
 2097152	   76620	       0
 4194304	   89842	       0
 8388608	   85133	       0
16777216	   77376	       0
     128	     187	       0
     256	     950	       0
     512	    2253	       0
    1024	    4730	       0
    2048	    9307	       0
    4096	   18331	       0
    8192	   25483	       0
   16384	   49846	       0
   32768	   95224	       0
   65536	  124141	       0
  131072	  128046	       0
  262144	  101364	       0
  524288	   68717	       0
 1048576	   74513	       0
 2097152	   72421	       0
 4194304	   75488	       0
 8388608	   77285	       0
16777216	   76799	       0
     128	     423	       0
     256	    1116	       0
     512	    2392	       0
    1024	    4835	       0
    2048	    9522	       0
    4096	   18602	       0
    8192	   26719	       0
   16384	   50415	       0
   32768	   55024	       0
   65536	   60792	       0
  131072	   58294	       0
  262144	   66242	       0
  524288	   68325	       0
 1048576	   72905	       0
 2097152	   62547	       0
 4194304	   71330	       0
 8388608	   70582	       0
16777216	   65916	       0
     128	     187	       0
     256	     952	       0
     512	    2251	       0
    1024	    4729	       0
    2048	    9431	       0
    4096	   18662	       0
    8192	   25437	       0
   16384	   49680	       0
   32768	   95407	       0
   65536	  116065	       0
  131072	  122079	       0
  262144	   97595	       0
  524288	   70651	       0
 1048576	   69881	       0
 2097152	   72443	       0
 4194304	   61681	       0
 8388608	   68150	       0
16777216	   60789	       0
     128	     424	       0
     256	    1116	       0
     512	    2392	       0
    1024	    4827	       0
    2048	    9569	       0
    4096	   18702	       0
    8192	   26721	       0
   16384	   50393	       0
   32768	   55000	       0
   65536	   60928	       0
  131072	   60634	       0
  262144	   66984	       0
  524288	   71124	       0
 1048576	   68722	       0
 2097152	   68996	       0
 4194304	   64711	       0
 8388608	   76088	       0
16777216	   55766	       0
     128	     423	       0
     256	    1118	       0
     512	    2389	       0
    1024	    4824	       0
    2048	    9512	       0
    4096	   18749	       0
    8192	   26680	       0
   16384	   50588	       0
   32768	   55313	       0
   65536	   60731	       0
  131072	   57990	       0
  262144	   68371	       0
  524288	   67808	       0
 1048576	   68879	       0
 2097152	   70066	       0
 4194304	   67717	       0
 8388608	   60904	       0
16777216	   63333	       0
     128	     187	       0
     256	     949	       0
     512	    2255	       0
    1024	    4720	       0
    2048	    9428	       0
    4096	   18649	       0
    8192	   25478	       0
   16384	   49783	       0
   32768	   95463	       0
   65536	  123938	       0
  131072	  128754	       0
  262144	   98619	       0
  524288	   74123	       0
 1048576	   69207	       0
 2097152	   71677	       0
 4194304	   79316	       0
 8388608	   85109	       0
16777216	   73450	       0
     128	     423	       0
     256	    1116	       0
     512	    2388	       0
    1024	    4837	       0
    2048	    9480	       0
    4096	   18845	       0
    8192	   26743	       0
   16384	   50529	       0
   32768	   49282	       0
   65536	   46354	       0
  131072	   67556	       0
  262144	   75609	       0
  524288	   76446	       0
 1048576	   69749	       0
 2097152	   73751	       0
 4194304	   78858	       0
 8388608	   74163	       0
16777216	   71828	       0
     128	     188	       0
     256	     951	       0
     512	    2256	       0
    1024	    4730	       0
    2048	    9259	       0
    4096	   18425	       0
    8192	   25436	       0
   16384	   49565	       0
   32768	   95390	       0
   65536	  115151	       0
  131072	  126626	       0
  262144	   98419	       0
  524288	   69506	       0
 1048576	   74048	       0
 2097152	   71268	       0
 4194304	   64195	       0
 8388608	   60677	       0
16777216	   72028	       0
     128	     423	       0
     256	    1118	       0
     512	    2395	       0
    1024	    4824	       0
    2048	    9483	       0
    4096	   18670	       0
    8192	   26655	       0
   16384	   50505	       0
   32768	   49374	       0
   65536	   46369	       0
  131072	   66138	       0
  262144	   74596	       0
  524288	   74419	       0
 1048576	   73528	       0
 2097152	   74643	       0
 4194304	   72097	       0
 8388608	   70676	       0
16777216	   75295	       0
     128	     188	       0
     256	     949	       0
     512	    2255	       0
    1024	    4731	       0
    2048	    9328	       0
    4096	   18731	       0
    8192	   25394	       0
   16384	   49564	       0
   32768	   95781	       0
   65536	  123852	       0
  131072	  127983	       0
  262144	   99922	       0
  524288	   74510	       0
 1048576	   72871	       0
 2097152	   73086	       0
 4194304	   76590	       0
 8388608	   86879	       0
16777216	   80853	       0
     128	     424	       0
     256	    1118	       0
     512	    2392	       0
    1024	    4810	       0
    2048	    9525	       0
    4096	   18671	       0
    8192	   26686	       0
   16384	   50371	       0
   32768	   55286	       0
   65536	   60696	       0
  131072	   62044	       0
  262144	   70764	       0
  524288	   69154	       0
 1048576	   66586	       0
 2097152	   68138	       0
 4194304	   74933	       0
 8388608	   74857	       0
16777216	   72290	       0
     128	     188	       0
     256	     948	       0
     512	    2258	       0
    1024	    4729	       0
    2048	    9379	       0
    4096	   18476	       0
    8192	   25470	       0
   16384	   49672	       0
   32768	   95610	       0
   65536	  124664	       0
  131072	  128455	       0
  262144	  101663	       0
  524288	   72425	       0
 1048576	   70092	       0
 2097152	   69433	       0
 4194304	   84135	       0
 8388608	   78539	       0
16777216	   85772	       0
     128	     424	       0
     256	    1117	       0
     512	    2391	       0
    1024	    4834	       0
    2048	    9485	       0
    4096	   18655	       0
    8192	   26720	       0
   16384	   50370	       0
   32768	   55050	       0
   65536	   61122	       0
  131072	   60335	       0
  262144	   73090	       0
  524288	   71781	       0
 1048576	   76050	       0
 2097152	   64977	       0
 4194304	   60897	       0
 8388608	   66961	       0
16777216	   68900	       0
