     128	     530	       0
     256	     980	       0
     512	    1904	       0
    1024	    3908	       0
    2048	    9049	       0
    4096	   19021	       0
    8192	   40563	       0
   16384	   68000	       0
   32768	   69699	       0
   65536	   66258	       0
  131072	   71669	       0
  262144	   63579	       0
  524288	   65317	       0
 1048576	   65344	       0
 2097152	   65855	       0
 4194304	   75007	       0
 8388608	   76811	       0
16777216	  126274	       0
     128	     509	       0
     256	    1031	       0
     512	    1920	       0
    1024	    3738	       0
    2048	    9403	       0
    4096	   20807	       0
    8192	   41503	       0
   16384	   62338	       0
   32768	   59292	       0
   65536	   64691	       0
  131072	   61142	       0
  262144	   62632	       0
  524288	   61924	       0
 1048576	   61733	       0
 2097152	   56585	       0
 4194304	   70104	       0
 8388608	   78474	       0
16777216	   92220	       0
     128	     538	       0
     256	    1310	       0
     512	    2042	       0
    1024	    5468	       0
    2048	   12415	       0
    4096	   24376	       0
    8192	   49166	       0
   16384	   67780	       0
   32768	   74617	       0
   65536	   71266	       0
  131072	   78120	       0
  262144	   74136	       0
  524288	   70640	       0
 1048576	   71858	       0
 2097152	   62139	       0
 4194304	   72898	       0
 8388608	   82354	       0
16777216	  110220	       0
     128	     517	       0
     256	    1035	       0
     512	    1998	       0
    1024	    3760	       0
    2048	    8524	       0
    4096	   18411	       0
    8192	   42524	       0
   16384	   62482	       0
   32768	   59441	       0
   65536	   64309	       0
  131072	   64432	       0
  262144	   61144	       0
  524288	   60404	       0
 1048576	   69099	       0
 2097152	   66952	       0
 4194304	   59833	       0
 8388608	   56908	       0
16777216	   62744	       0
     128	     730	       0
     256	    1751	       0
     512	    3955	       0
    1024	    6888	       0
    2048	   13372	       0
    4096	   28859	       0
    8192	   44844	       0
   16384	   75721	       0
   32768	   72652	       0
   65536	   79628	       0
  131072	   71379	       0
  262144	   75072	       0
  524288	   78640	       0
 1048576	   72304	       0
 2097152	   69734	       0
 4194304	   69397	       0
 8388608	   62857	       0
16777216	   58636	       0
     128	     518	       0
     256	    1056	       0
     512	    2116	       0
    1024	    4275	       0
    2048	    9229	       0
    4096	   24107	       0
    8192	   40834	       0
   16384	   61919	       0
   32768	   64078	       0
   65536	   66538	       0
  131072	   64696	       0
  262144	   69650	       0
  524288	   65775	       0
 1048576	   65065	       0
 2097152	   65688	       0
 4194304	   59194	       0
 8388608	   56605	       0
16777216	   63515	       0
     128	     779	       0
     256	    1484	       0
     512	    3587	       0
    1024	    5895	       0
    2048	   13873	       0
    4096	   26735	       0
    8192	   53522	       0
   16384	   72777	       0
   32768	   86808	       0
   65536	   80343	       0
  131072	   86472	       0
  262144	   81622	       0
  524288	   80739	       0
 1048576	   68753	       0
 2097152	   64813	       0
 4194304	   77165	       0
 8388608	   84757	       0
16777216	  106850	       0
     128	     561	       0
     256	    1030	       0
     512	    2169	       0
    1024	    4208	       0
    2048	    9479	       0
    4096	   20185	       0
    8192	   44402	       0
   16384	   63336	       0
   32768	   68027	       0
   65536	   64103	       0
  131072	   69910	       0
  262144	   61966	       0
  524288	   62080	       0
 1048576	   56304	       0
 2097152	   58968	       0
 4194304	   82070	       0
 8388608	   77669	       0
16777216	  199443	       0
     128	     560	       0
     256	    1097	       0
     512	    2242	       0
    1024	    4176	       0
    2048	    9095	       0
    4096	   19311	       0
    8192	   44239	       0
   16384	   63942	       0
   32768	   62705	       0
   65536	   66086	       0
  131072	   60652	       0
  262144	   57814	       0
  524288	   57285	       0
 1048576	   59081	       0
 2097152	   49245	       0
 4194304	   66581	       0
 8388608	   70202	       0
16777216	  617632	       0
     128	    1324	       0
     256	    2319	       0
     512	    4702	       0
    1024	    7915	       0
    2048	   17497	       0
    4096	   30518	       0
    8192	   48083	       0
   16384	   72575	       0
   32768	   77313	       0
   65536	   85164	       0
  131072	   76519	       0
  262144	   80219	       0
  524288	   80167	       0
 1048576	   73052	       0
 2097152	   73034	       0
 4194304	   70834	       0
 8388608	   62314	       0
16777216	   61290	       0
     128	     524	       0
     256	     970	       0
     512	    1830	       0
    1024	    3990	       0
    2048	   10787	       0
    4096	   21886	       0
    8192	   44371	       0
   16384	   61787	       0
   32768	   64784	       0
   65536	   68380	       0
  131072	   74707	       0
  262144	   73084	       0
  524288	   64846	       0
 1048576	   65745	       0
 2097152	   64930	       0
 4194304	   75270	       0
 8388608	   77640	       0
16777216	  122208	       0
     128	     573	       0
     256	    1402	       0
     512	    3098	       0
    1024	    5472	       0
    2048	   12714	       0
    4096	   27442	       0
    8192	   51500	       0
   16384	   68282	       0
   32768	   79840	       0
   65536	   71390	       0
  131072	   80182	       0
  262144	   76564	       0
  524288	   80546	       0
 1048576	   69778	       0
 2097152	   65005	       0
 4194304	   78464	       0
 8388608	   80316	       0
16777216	  104730	       0
     128	    1277	       0
     256	    1808	       0
     512	    4826	       0
    1024	    7984	       0
    2048	   15420	       0
    4096	   30866	       0
    8192	   53084	       0
   16384	   78889	       0
   32768	   90387	       0
   65536	   82343	       0
  131072	  100214	       0
  262144	   83180	       0
  524288	   79007	       0
 1048576	   73578	       0
 2097152	   75920	       0
 4194304	   85248	       0
 8388608	   88227	       0
16777216	   97236	       0
     128	     529	       0
     256	    1195	       0
     512	    2287	       0
    1024	    5212	       0
    2048	    9796	       0
    4096	   24784	       0
    8192	   41998	       0
   16384	   70565	       0
   32768	   74010	       0
   65536	   71086	       0
  131072	   65502	       0
  262144	   72579	       0
  524288	   74523	       0
 1048576	   69486	       0
 2097152	   63530	       0
 4194304	   61347	       0
 8388608	   59045	       0
16777216	   56923	       0
     128	     526	       0
     256	     990	       0
     512	    1957	       0
    1024	    4310	       0
    2048	   11893	       0
    4096	   22209	       0
    8192	   49302	       0
   16384	   68373	       0
   32768	   72919	       0
   65536	   72483	       0
  131072	   75417	       0
  262144	   74017	       0
  524288	   70505	       0
 1048576	   66080	       0
 2097152	   61168	       0
 4194304	   74572	       0
 8388608	   78796	       0
16777216	  119461	       0
     128	     555	       0
     256	    1459	       0
     512	    3258	       0
    1024	    6501	       0
    2048	    9787	       0
    4096	   26530	       0
    8192	   43380	       0
   16384	   68071	       0
   32768	   72475	       0
   65536	   74442	       0
  131072	   73353	       0
  262144	   74801	       0
  524288	   75977	       0
 1048576	   71286	       0
 2097152	   64190	       0
 4194304	   64369	       0
 8388608	   60601	       0
16777216	   58760	       0
