     128	     0.0	0	0	0	0	0	0	0	0	0	0	0	0	0	0	0	0	0
     256	     0.0	0	0	0	0	0	0	0	0	0	0	0	0	0	0	0	0	0
     512	5449.051698	1695744	2310144	2605056	2998272	3325952	3719168	4177920	4816896	5865472	7110656	8978432	10682368	14483456	16056320	20316160	26083328	74973184
    1024	5473.650878	1613824	2088960	2310144	2637824	2965504	3325952	3817472	4489216	5537792	6914048	8847360	10682368	14876672	16908288	21889024	149946368	513802240
    2048	6376.420786	1449984	1712128	1843200	2039808	2277376	2703360	3194880	3883008	4816896	5996544	7700480	9371648	12910592	14614528	20316160	27131904	459276288
    4096	17286.257125	995328	1122304	1187840	1286144	1351680	1433600	1499136	1581056	1662976	1777664	1957888	2113536	2572288	2899968	6389760	8978432	20840448
    8192	14471.650945	1056768	1187840	1269760	1368064	1433600	1515520	1581056	1662976	1744896	1859584	2039808	2211840	2834432	3293184	7307264	10158080	488636416
   16384	10803.613092	962560	1286144	1384448	1515520	1630208	1728512	1843200	2023424	2310144	3031040	3883008	4554752	6324224	7962624	13172736	14745600	834666496
   32768	6002.866476	1138688	1630208	1892352	2244608	2637824	3129344	3784704	4423680	5144576	5996544	7241728	8454144	11862016	14221312	27394048	162529280	1069547520
   65536	3131.915745	1613824	2768896	3653632	5013504	6193152	7176192	8159232	9109504	10158080	11468800	13434880	15400960	19267584	20840448	26869760	29491200	1317011456
  131072	1607.971208	2244608	4112384	6127616	9502720	11993088	14090240	16187392	18481152	20840448	23461888	28180480	31588352	40108032	44826624	135266304	254803968	404750336
  262144	807.398767	3883008	6782976	11337728	18743296	23199744	27656192	32374784	37486592	42729472	49545216	58982400	67633152	89653248	100139008	166723584	187695104	214958080
  524288	425.795701	6848512	10944512	17170432	33161216	41156608	50069504	61079552	69730304	81264640	95944704	117964800	137363456	183500800	200278016	242221056	244318208	265289728
 1048576	210.81369	11730944	27656192	48496640	73924608	89653248	107479040	124256256	141557760	160432128	185597952	223346688	265289728	350224384	400556032	459276288	509607936	541065216
 2097152	107.205917	67633152	114819072	147849216	181403648	208666624	229638144	252706816	274726912	304087040	337641472	383778816	425721856	497025024	526385152	574619648	624951296	641728512
 4194304	51.451012	263192576	392167424	417333248	455081984	480247808	505413632	526385152	557842432	583008256	616562688	692060160	742391808	884998144	960495616	1052770304	1149239296	1149239296
 8388608	26.447819	126353408	700448768	809500672	901775360	960495616	1010827264	1044381696	1082130432	1132462080	1182793728	1266679808	1367343104	1769996288	1887436800	1920991232	1920991232	1920991232
16777216	13.198912	13888	1283457024	1568669696	1820327936	1937768448	2055208960	2122317824	2164260864	2231369728	2298478592	2432696320	2600468480	2701131776	2936012800	3036676096	3036676096	3036676096
     128	     0.0	0	0	0	0	0	0	0	0	0	0	0	0	0	0	0	0	0
     256	     0.0	0	0	0	0	0	0	0	0	0	0	0	0	0	0	0	0	0
     512	5472.968469	1712128	2310144	2605056	2965504	3325952	3719168	4177920	4816896	5865472	7110656	8847360	10682368	14483456	16056320	21364736	25559040	32636928
    1024	5593.613546	1597440	2039808	2277376	2605056	2932736	3293184	3784704	4489216	5537792	6848512	8847360	10682368	14614528	16449536	20840448	23461888	480247808
    2048	6383.787207	1433600	1695744	1826816	2023424	2277376	2703360	3194880	3883008	4816896	5996544	7700480	9371648	13041664	14745600	21364736	126353408	541065216
    4096	17507.549748	946176	1089536	1171456	1269760	1351680	1433600	1499136	1581056	1662976	1777664	1957888	2113536	2572288	2932736	6324224	8716288	20840448
    8192	14450.618313	1056768	1187840	1269760	1368064	1449984	1515520	1581056	1662976	1744896	1859584	2039808	2244608	2834432	3325952	7438336	10158080	759169024
   16384	11753.10823	905216	1056768	1236992	1449984	1581056	1695744	1810432	1974272	2244608	2867200	3784704	4489216	6193152	7634944	12779520	13959168	32374784
   32768	6050.931636	1105920	1597440	1859584	2244608	2605056	3096576	3751936	4423680	5079040	5931008	7176192	8454144	11730944	13959168	26345472	48496640	1166016512
   65536	3455.818139	1253376	1400832	2146304	4046848	5406720	6586368	7569408	8585216	9764864	11075584	13041664	14745600	18743296	20578304	26083328	29753344	1098907648
  131072	1654.478184	2244608	4046848	6062080	9240576	11730944	13697024	15925248	18219008	20316160	23199744	27656192	31588352	39583744	44826624	92798976	160432128	501219328
  262144	820.017325	3981312	6782976	10420224	18219008	22413312	26869760	31850496	36962304	42205184	48496640	58982400	67633152	86507520	95944704	135266304	177209344	248512512
  524288	430.17988	6717440	10944512	16318464	32374784	40108032	48496640	58458112	68681728	80216064	94896128	117964800	139460608	189792256	208666624	254803968	270532608	291504128
 1048576	211.071167	14352384	38010880	58982400	79167488	95944704	112721920	127401984	141557760	158334976	179306496	212860928	244318208	316669952	341835776	425721856	455081984	497025024
 2097152	102.394193	70778880	122159104	156237824	198180864	221249536	242221056	265289728	287309824	308281344	346030080	400556032	446693376	526385152	541065216	599785472	608174080	633339904
 4194304	51.48528	212860928	387973120	413138944	442499072	471859200	497025024	522190848	549453824	583008256	633339904	683671552	742391808	935329792	1019215872	1199570944	1266679808	1266679808
 8388608	24.786239	164626432	834666496	884998144	968884224	1027604480	1082130432	1115684864	1149239296	1199570944	1249902592	1350565888	1451229184	1602224128	1619001344	1870659584	1870659584	1870659584
16777216	12.672926	13632	1367343104	1837105152	1954545664	2021654528	2088763392	2164260864	2231369728	2298478592	2399141888	2499805184	2667577344	2835349504	2868903936	2868903936	2868903936	2868903936
     128	     0.0	0	0	0	0	0	0	0	0	0	0	0	0	0	0	0	0	0
     256	     0.0	0	0	0	0	0	0	0	0	0	0	0	0	0	0	0	0	0
     512	5472.184261	1679360	2277376	2572288	2965504	3325952	3686400	4177920	4816896	5865472	7045120	8847360	10682368	14352384	16056320	22151168	28442624	47972352
    1024	5603.11323	1581056	2023424	2277376	2605056	2932736	3325952	3784704	4489216	5537792	6848512	8847360	10682368	14614528	16318464	20840448	24772608	484442112
    2048	6422.952568	1433600	1695744	1826816	2023424	2277376	2670592	3162112	3883008	4816896	5996544	7634944	9240576	12779520	14352384	18743296	24772608	608174080
    4096	17792.40692	806912	1056768	1155072	1269760	1351680	1417216	1499136	1581056	1662976	1777664	1957888	2113536	2572288	2932736	5996544	8585216	19791872
    8192	14501.616613	1056768	1187840	1269760	1351680	1433600	1499136	1581056	1646592	1744896	1859584	2039808	2211840	2834432	3260416	7241728	10158080	17170432
   16384	10791.106963	946176	1269760	1384448	1531904	1630208	1744896	1859584	2023424	2310144	2998272	3883008	4554752	6324224	7962624	13172736	14483456	1082130432
   32768	6043.063796	1105920	1597440	1875968	2244608	2605056	3129344	3751936	4423680	5144576	5931008	7176192	8454144	11730944	13959168	26083328	52166656	1199570944
   65536	3191.860271	1499136	2605056	3522560	4947968	6062080	7045120	7962624	8978432	10027008	11337728	13303808	15007744	19005440	20578304	25821184	29229056	750780416
  131072	1583.261116	2244608	4292608	6389760	9764864	12124160	14352384	16580608	18743296	21102592	23724032	28442624	31850496	40632320	46399488	154140672	283115520	425721856
  262144	820.805973	3915776	6520832	10289152	18219008	22413312	26607616	31326208	36438016	42205184	49020928	58982400	68681728	88604672	100139008	164626432	189792256	221249536
  524288	423.748584	6455296	10682368	17432576	33816576	41156608	50069504	60555264	70778880	81264640	95944704	119013376	139460608	181403648	202375168	267386880	278921216	337641472
 1048576	205.583503	13697024	36962304	58458112	79167488	96993280	113770496	128450560	143654912	162529280	185597952	219152384	256901120	350224384	400556032	517996544	526385152	549453824
 2097152	107.627796	63700992	121110528	145752064	185597952	210763776	233832448	254803968	274726912	295698432	325058560	375390208	425721856	517996544	549453824	641728512	650117120	650117120
 4194304	53.65464	283115520	354418688	392167424	429916160	455081984	480247808	505413632	534773760	566231040	599785472	666894336	734003200	817889280	859832320	884998144	884998144	884998144
 8388608	24.173705	256901120	843055104	910163968	994050048	1035993088	1082130432	1132462080	1166016512	1233125376	1283457024	1400897536	1501560832	1736441856	1753219072	1904214016	1904214016	1904214016
16777216	12.632626	10176	1266679808	1820327936	1937768448	2021654528	2122317824	2197815296	2264924160	2365587456	2432696320	2533359616	2600468480	2835349504	3003121664	3070230528	3070230528	3070230528
     128	     0.0	0	0	0	0	0	0	0	0	0	0	0	0	0	0	0	0	0
     256	     0.0	0	0	0	0	0	0	0	0	0	0	0	0	0	0	0	0	0
     512	5463.651212	1712128	2310144	2572288	2965504	3325952	3686400	4177920	4816896	5799936	7110656	8978432	10682368	14483456	16187392	21102592	25821184	38010880
    1024	5755.274824	1548288	1925120	2211840	2572288	2899968	3293184	3751936	4423680	5472256	6782976	8716288	10551296	14614528	16187392	20054016	25296896	187695104
    2048	6773.640879	1368064	1564672	1761280	1974272	2211840	2605056	3063808	3719168	4685824	5865472	7503872	9240576	12910592	14483456	18219008	22675456	283115520
    4096	17311.756275	987136	1105920	1187840	1286144	1351680	1433600	1499136	1581056	1662976	1777664	1957888	2113536	2572288	2932736	6586368	8716288	20840448
    8192	16207.459751	749568	823296	954368	1269760	1368064	1466368	1531904	1613824	1712128	1826816	2007040	2179072	2768896	3260416	6848512	9895936	15138816
   16384	10845.776948	962560	1269760	1384448	1515520	1613824	1728512	1843200	2007040	2310144	2998272	3850240	4554752	6324224	7897088	12910592	14090240	683671552
   32768	5998.533382	1138688	1630208	1892352	2244608	2637824	3162112	3784704	4423680	5144576	5996544	7241728	8454144	11862016	14352384	26607616	52690944	1300234240
   65536	3085.21913	1613824	2867200	3784704	5144576	6324224	7307264	8224768	9240576	10289152	11599872	13565952	15532032	19267584	21102592	27656192	147849216	834666496
  131072	1607.385682	2408448	4358144	6520832	9633792	11993088	14090240	16187392	18481152	20840448	23724032	28442624	32112640	40632320	44826624	94896128	206569472	497025024
  262144	811.772941	4014080	6979584	11075584	18481152	22675456	26869760	31850496	36962304	42205184	49020928	58982400	67633152	91750400	104333312	149946368	168820736	244318208
  524288	433.173429	6651904	10944512	17170432	33816576	41680896	50069504	60555264	69730304	79167488	92798976	114819072	135266304	177209344	193986560	233832448	254803968	304087040
 1048576	224.383096	11862016	18743296	32899072	65273856	79167488	95944704	114819072	135266304	156237824	181403648	221249536	258998272	341835776	375390208	434110464	450887680	492830720
 2097152	105.55759	73924608	120061952	154140672	189792256	214958080	238026752	256901120	278921216	308281344	337641472	387973120	425721856	522190848	549453824	608174080	624951296	666894336
 4194304	53.544671	225443840	308281344	371195904	429916160	463470592	488636416	513802240	541065216	574619648	608174080	658505728	717225984	901775360	994050048	1199570944	1216348160	1216348160
 8388608	28.906536	274726912	557842432	616562688	759169024	834666496	918552576	994050048	1035993088	1082130432	1149239296	1233125376	1367343104	1535115264	1568669696	1669332992	1669332992	1669332992
16777216	12.704415	10304	1400897536	1837105152	1954545664	2038431744	2105540608	2164260864	2231369728	2298478592	2365587456	2466250752	2566914048	2701131776	2734686208	2734686208	2734686208	2734686208
     128	     0.0	0	0	0	0	0	0	0	0	0	0	0	0	0	0	0	0	0
     256	     0.0	0	0	0	0	0	0	0	0	0	0	0	0	0	0	0	0	0
     512	5459.784674	1695744	2310144	2605056	2965504	3325952	3719168	4227072	4816896	5865472	7110656	8978432	10682368	14352384	16056320	20054016	24510464	35913728
    1024	5500.983169	1613824	2088960	2310144	2637824	2965504	3325952	3817472	4489216	5603328	6848512	8847360	10682368	14876672	16580608	22151168	139460608	455081984
    2048	6812.939569	1351680	1531904	1761280	1974272	2211840	2605056	3063808	3719168	4685824	5865472	7503872	9109504	12779520	14221312	18219008	22151168	196083712
    4096	17708.176394	831488	1056768	1171456	1269760	1351680	1433600	1499136	1581056	1662976	1777664	1957888	2113536	2572288	2965504	6389760	8847360	20054016
    8192	14485.583814	1073152	1187840	1269760	1368064	1433600	1515520	1581056	1662976	1744896	1859584	2039808	2211840	2834432	3325952	7831552	10158080	221249536
   16384	11774.774174	913408	1056768	1236992	1449984	1564672	1679360	1810432	1957888	2244608	2867200	3784704	4489216	6193152	7634944	12910592	14221312	166723584
   32768	6036.865438	1122304	1613824	1875968	2244608	2605056	3129344	3751936	4423680	5144576	5931008	7176192	8454144	11599872	13959168	26607616	52166656	1044381696
   65536	3454.384854	1253376	1433600	2146304	4046848	5406720	6520832	7569408	8585216	9764864	11075584	13041664	14876672	19005440	20578304	26083328	28966912	1182793728
  131072	1588.695971	2277376	4145152	6389760	9764864	12124160	14221312	16318464	18743296	20840448	23724032	28442624	32112640	40632320	45350912	113770496	283115520	566231040
  262144	831.068026	3948544	6782976	10551296	18219008	22413312	26345472	31064064	35913728	41156608	47972352	57933824	66846720	86507520	98041856	141557760	185597952	242221056
  524288	422.702739	6914048	11206656	17956864	32374784	40108032	49020928	59506688	69730304	82313216	96993280	120061952	141557760	187695104	212860928	274726912	299892736	341835776
 1048576	209.396018	16908288	40632320	60030976	81264640	98041856	113770496	127401984	141557760	160432128	181403648	217055232	248512512	312475648	337641472	383778816	413138944	438304768
 2097152	110.689311	58458112	108527616	137363456	173015040	200278016	223346688	246415360	274726912	295698432	325058560	367001600	408944640	501219328	541065216	633339904	633339904	641728512
 4194304	52.677116	270532608	379584512	408944640	438304768	467664896	488636416	517996544	541065216	574619648	608174080	683671552	742391808	843055104	876609536	943718400	968884224	968884224
 8388608	25.766341	166723584	859832320	893386752	943718400	994050048	1035993088	1069547520	1098907648	1149239296	1199570944	1266679808	1333788672	1484783616	1518338048	1619001344	1619001344	1619001344
16777216	12.485097	13120	1283457024	1920991232	2038431744	2122317824	2197815296	2231369728	2264924160	2332033024	2399141888	2566914048	2768240640	2969567232	3003121664	3238002688	3238002688	3238002688
     128	     0.0	0	0	0	0	0	0	0	0	0	0	0	0	0	0	0	0	0
     256	     0.0	0	0	0	0	0	0	0	0	0	0	0	0	0	0	0	0	0
     512	5455.336311	1695744	2310144	2605056	2965504	3325952	3719168	4177920	4882432	5865472	7110656	8978432	10682368	14483456	16187392	20316160	24510464	32374784
    1024	5763.807873	1531904	1925120	2211840	2539520	2867200	3260416	3719168	4423680	5472256	6782976	8716288	10682368	14352384	15925248	20054016	24248320	371195904
    2048	6384.120529	1433600	1712128	1843200	2039808	2277376	2703360	3194880	3883008	4816896	5996544	7634944	9371648	12779520	14352384	19529728	27656192	530579456
    4096	17527.149095	905216	1089536	1171456	1286144	1351680	1433600	1499136	1581056	1662976	1777664	1957888	2146304	2572288	2932736	6324224	8355840	20316160
    8192	14467.651078	1056768	1187840	1269760	1368064	1433600	1515520	1581056	1662976	1744896	1859584	2039808	2244608	2834432	3325952	7503872	10027008	13303808
   16384	10805.706476	954368	1269760	1384448	1515520	1630208	1728512	1859584	2023424	2310144	2998272	3883008	4554752	6389760	7897088	13041664	14614528	843055104
   32768	5989.967001	1138688	1630208	1908736	2277376	2637824	3162112	3784704	4489216	5144576	5996544	7241728	8454144	11730944	14090240	28180480	166723584	901775360
   65536	3186.789749	1531904	2703360	3555328	4947968	6062080	7045120	7962624	8978432	10027008	11337728	13172736	15007744	19005440	20840448	26607616	58982400	624951296
  131072	1595.926938	2375680	4489216	6717440	9895936	12124160	14352384	16449536	18743296	21102592	23986176	28180480	31850496	40108032	44302336	126353408	267386880	459276288
  262144	815.2862	3981312	6979584	10813440	18481152	22675456	26869760	32112640	36962304	42205184	49020928	58982400	68681728	86507520	95944704	127401984	173015040	196083712
  524288	420.833472	6782976	11468800	17956864	33423360	41680896	50593792	60555264	69730304	81264640	96993280	120061952	141557760	189792256	204472320	263192576	267386880	304087040
 1048576	200.146554	29491200	55312384	70778880	88604672	103284736	119013376	132644864	147849216	164626432	183500800	217055232	250609664	325058560	375390208	417333248	429916160	442499072
 2097152	105.657487	65273856	117964800	154140672	189792256	217055232	238026752	256901120	278921216	304087040	333447168	379584512	425721856	513802240	566231040	624951296	658505728	675282944
 4194304	53.879454	246415360	320864256	383778816	429916160	455081984	480247808	497025024	526385152	566231040	608174080	675282944	742391808	868220928	901775360	968884224	968884224	968884224
 8388608	26.248463	231735296	775946240	843055104	918552576	960495616	1002438656	1035993088	1082130432	1132462080	1199570944	1283457024	1367343104	1602224128	1686110208	1904214016	1904214016	1904214016
16777216	12.934036	11072	1216348160	1518338048	1736441856	1887436800	2021654528	2164260864	2264924160	2365587456	2466250752	2600468480	2701131776	3003121664	3070230528	3070230528	3070230528	3070230528
     128	     0.0	0	0	0	0	0	0	0	0	0	0	0	0	0	0	0	0	0
     256	     0.0	0	0	0	0	0	0	0	0	0	0	0	0	0	0	0	0	0
     512	5449.418353	1695744	2310144	2605056	2998272	3325952	3719168	4227072	4882432	5865472	7110656	8847360	10682368	14352384	16056320	21626880	27131904	43253760
    1024	5747.575081	1548288	1925120	2211840	2572288	2899968	3260416	3719168	4423680	5472256	6848512	8716288	10682368	14614528	16318464	20316160	22675456	383778816
    2048	6379.387354	1433600	1712128	1826816	2023424	2277376	2703360	3194880	3883008	4816896	5996544	7700480	9371648	12910592	14483456	20578304	55312384	509607936
    4096	17251.291624	987136	1122304	1187840	1286144	1351680	1433600	1499136	1581056	1662976	1777664	1957888	2113536	2572288	2965504	6324224	9240576	20578304
    8192	14555.614813	1056768	1187840	1253376	1351680	1433600	1499136	1564672	1646592	1744896	1843200	2039808	2211840	2834432	3260416	7307264	10027008	13434880
   16384	11170.460985	937984	1187840	1335296	1499136	1613824	1712128	1843200	2007040	2277376	2965504	3850240	4554752	6324224	7831552	12910592	14483456	421527552
   32768	6011.466284	1105920	1597440	1875968	2244608	2637824	3129344	3784704	4423680	5144576	5996544	7241728	8454144	11730944	14090240	25821184	160432128	1052770304
   65536	3153.061565	1548288	2703360	3653632	5013504	6127616	7110656	8093696	8978432	10158080	11468800	13303808	15138816	19005440	20578304	25559040	30539776	1149239296
  131072	1599.306736	2310144	4358144	6520832	9633792	12124160	14221312	16449536	18743296	21102592	23724032	28442624	32112640	40632320	44826624	86507520	193986560	583008256
  262144	819.212053	3948544	6651904	10551296	18481152	22675456	26869760	31588352	36438016	42205184	49020928	58982400	67633152	89653248	100139008	145752064	175112192	240123904
  524288	413.332445	6389760	10158080	16908288	33423360	41680896	51642368	62128128	72876032	84410368	100139008	122159104	141557760	191889408	208666624	250609664	270532608	304087040
 1048576	218.135785	10027008	20578304	37486592	64749568	81264640	100139008	119013376	137363456	160432128	187695104	229638144	265289728	333447168	367001600	513802240	608174080	700448768
 2097152	104.727031	72876032	127401984	154140672	191889408	217055232	240123904	258998272	278921216	304087040	337641472	383778816	425721856	517996544	566231040	641728512	700448768	708837376
 4194304	52.302161	219152384	387973120	413138944	442499072	471859200	501219328	526385152	549453824	574619648	608174080	658505728	708837376	826277888	851443712	1010827264	1027604480	1027604480
 8388608	25.834552	258998272	759169024	859832320	943718400	977272832	1019215872	1052770304	1098907648	1149239296	1216348160	1317011456	1400897536	1518338048	1585446912	1669332992	1669332992	1669332992
16777216	12.788998	13376	1233125376	1853882368	2021654528	2071986176	2139095040	2164260864	2231369728	2298478592	2332033024	2432696320	2533359616	2701131776	2768240640	2768240640	2768240640	2768240640
     128	     0.0	0	0	0	0	0	0	0	0	0	0	0	0	0	0	0	0	0
     256	     0.0	0	0	0	0	0	0	0	0	0	0	0	0	0	0	0	0	0
     512	5438.352055	1728512	2310144	2605056	2998272	3358720	3751936	4227072	4882432	5865472	7110656	8978432	10682368	14483456	16056320	20054016	24772608	35913728
    1024	5495.683477	1597440	2072576	2310144	2637824	2932736	3325952	3817472	4489216	5537792	6914048	8847360	10682368	14745600	16711680	23461888	145752064	467664896
    2048	6819.40602	1351680	1548288	1761280	1974272	2211840	2572288	3063808	3719168	4685824	5865472	7569408	9240576	12648448	14352384	18219008	21626880	248512512
    4096	17248.791707	987136	1122304	1187840	1286144	1351680	1433600	1499136	1581056	1662976	1777664	1957888	2113536	2572288	2932736	6389760	8028160	19791872
    8192	14548.648378	1056768	1187840	1253376	1351680	1433600	1499136	1564672	1646592	1744896	1859584	2039808	2211840	2834432	3260416	8355840	10551296	624951296
   16384	11321.055965	946176	1171456	1318912	1482752	1581056	1695744	1810432	1974272	2277376	2932736	3817472	4489216	6258688	7766016	12779520	14221312	320864256
   32768	6097.296757	1089536	1597440	1859584	2211840	2572288	3063808	3686400	4358144	5079040	5931008	7110656	8454144	11599872	14221312	29229056	53739520	968884224
   65536	3211.178882	1482752	2670592	3555328	4882432	5996544	7045120	7962624	8847360	10027008	11206656	13172736	15007744	18743296	20578304	26869760	128450560	1027604480
  131072	1643.61188	2211840	3981312	5931008	9240576	11599872	13697024	15794176	17956864	20316160	23199744	27656192	31064064	39059456	43778048	108527616	270532608	641728512
  262144	828.905703	3653632	5931008	9371648	17694720	22413312	26869760	31588352	36438016	42205184	48496640	58458112	67633152	86507520	95944704	139460608	158334976	177209344
  524288	425.430561	6520832	10813440	17432576	33161216	40632320	49545216	59506688	69730304	81264640	95944704	117964800	139460608	189792256	210763776	263192576	299892736	383778816
 1048576	219.013357	11862016	27918336	50593792	71827456	87556096	105381888	120061952	135266304	154140672	177209344	217055232	248512512	329252864	358612992	467664896	488636416	517996544
 2097152	107.266551	74973184	139460608	166723584	198180864	221249536	238026752	252706816	270532608	287309824	316669952	358612992	400556032	513802240	549453824	633339904	666894336	700448768
 4194304	50.809083	240123904	400556032	434110464	463470592	488636416	513802240	534773760	557842432	583008256	624951296	683671552	742391808	843055104	901775360	1166016512	1182793728	1182793728
 8388608	26.889583	223346688	641728512	809500672	901775360	960495616	994050048	1035993088	1082130432	1115684864	1166016512	1249902592	1317011456	1434451968	1451229184	1535115264	1535115264	1535115264
16777216	12.874112	10432	1266679808	1686110208	1887436800	1988100096	2088763392	2164260864	2231369728	2298478592	2399141888	2499805184	2667577344	2936012800	3003121664	3070230528	3070230528	3070230528
     128	     0.0	0	0	0	0	0	0	0	0	0	0	0	0	0	0	0	0	0
     256	     0.0	0	0	0	0	0	0	0	0	0	0	0	0	0	0	0	0	0
     512	5466.984434	1695744	2310144	2572288	2965504	3325952	3686400	4177920	4816896	5865472	7110656	8978432	10682368	14483456	16056320	21364736	26869760	37486592
    1024	5502.09972	1597440	2072576	2310144	2637824	2932736	3325952	3817472	4489216	5537792	6914048	8847360	10813440	14745600	16580608	21889024	154140672	541065216
    2048	6833.50555	1335296	1531904	1744896	1957888	2211840	2572288	3063808	3686400	4620288	5865472	7503872	9240576	12779520	14483456	18219008	21102592	244318208
    4096	17268.057731	995328	1122304	1187840	1286144	1351680	1433600	1499136	1581056	1662976	1777664	1957888	2113536	2572288	2932736	6520832	8716288	25034752
    8192	14549.081697	1056768	1187840	1253376	1351680	1433600	1499136	1581056	1646592	1744896	1859584	2039808	2211840	2834432	3325952	8028160	10289152	742391808
   16384	11779.640679	905216	1056768	1236992	1433600	1564672	1679360	1810432	1957888	2244608	2867200	3784704	4489216	6258688	7569408	12779520	13959168	96993280
   32768	6036.198793	1122304	1613824	1875968	2244608	2637824	3129344	3751936	4423680	5144576	5931008	7176192	8454144	11862016	14090240	26869760	57409536	994050048
   65536	3194.426852	1548288	2637824	3522560	4882432	6062080	7045120	7962624	8978432	10027008	11337728	13172736	15007744	19005440	20840448	27131904	206569472	817889280
  131072	1633.224452	2342912	4177920	6127616	9502720	11862016	13828096	16056320	18219008	20578304	23461888	28180480	31850496	40632320	44826624	122159104	185597952	467664896
  262144	836.238792	3686400	5996544	9240576	17694720	22151168	26345472	31326208	36438016	41680896	47972352	57933824	66322432	87556096	96993280	122159104	154140672	189792256
  524288	418.074015	6586368	10944512	17170432	33161216	41156608	50069504	61079552	70778880	83361792	98041856	121110528	141557760	189792256	212860928	261095424	278921216	299892736
 1048576	206.265189	15400960	38010880	60555264	80216064	98041856	113770496	129499136	145752064	162529280	187695104	219152384	250609664	320864256	341835776	413138944	599785472	675282944
 2097152	107.666178	73924608	119013376	152043520	187695104	212860928	235929600	254803968	274726912	299892736	325058560	371195904	404750336	509607936	530579456	574619648	591396864	599785472
 4194304	53.003063	248512512	379584512	413138944	442499072	467664896	488636416	513802240	534773760	557842432	599785472	666894336	717225984	884998144	943718400	1027604480	1044381696	1044381696
 8388608	26.684412	158334976	717225984	792723456	901775360	943718400	994050048	1044381696	1082130432	1132462080	1182793728	1249902592	1317011456	1501560832	1535115264	1669332992	1669332992	1669332992
16777216	13.294434	158334976	1233125376	1585446912	1803550720	1920991232	1988100096	2071986176	2197815296	2264924160	2365587456	2499805184	2600468480	2768240640	2835349504	3036676096	3036676096	3036676096
     128	     0.0	0	0	0	0	0	0	0	0	0	0	0	0	0	0	0	0	0
     256	     0.0	0	0	0	0	0	0	0	0	0	0	0	0	0	0	0	0	0
     512	5477.017433	1679360	2277376	2572288	2965504	3325952	3686400	4177920	4816896	5799936	7045120	8847360	10682368	14352384	15925248	20840448	25559040	42729472
    1024	5603.273006	1613824	2039808	2277376	2605056	2932736	3293184	3784704	4489216	5537792	6848512	8847360	10813440	14614528	16449536	20840448	27131904	341835776
    2048	6381.274582	1433600	1695744	1826816	2023424	2277376	2703360	3194880	3883008	4882432	5996544	7634944	9371648	12910592	14614528	20578304	67633152	484442112
    4096	17535.048832	815104	1073152	1171456	1286144	1368064	1449984	1515520	1597440	1695744	1810432	1974272	2146304	2605056	2965504	6324224	8224768	20578304
    8192	14575.980801	1056768	1187840	1253376	1351680	1433600	1499136	1564672	1646592	1728512	1843200	2039808	2211840	2801664	3293184	7897088	10289152	624951296
   16384	10938.968701	954368	1253376	1368064	1499136	1613824	1712128	1843200	2007040	2310144	2998272	3850240	4554752	6324224	7831552	13041664	14614528	683671552
   32768	6023.132562	1122304	1613824	1892352	2244608	2637824	3129344	3751936	4423680	5144576	5931008	7176192	8454144	11599872	14090240	27394048	139460608	1082130432
   65536	3191.441141	1548288	2670592	3555328	4947968	6062080	7045120	7962624	8978432	10027008	11337728	13303808	15007744	19005440	20578304	25034752	28180480	750780416
  131072	1633.178894	2244608	4145152	6127616	9371648	11730944	13828096	16056320	18219008	20840448	23461888	28180480	31850496	40108032	44302336	89653248	124256256	583008256
  262144	821.478568	3883008	6651904	10813440	18481152	22675456	26869760	31588352	36438016	41680896	48496640	58458112	67633152	87556096	101187584	175112192	193986560	287309824
  524288	423.208873	5996544	10158080	16056320	32374784	40108032	49545216	60030976	69730304	81264640	96993280	120061952	143654912	198180864	219152384	274726912	304087040	367001600
 1048576	208.44292	15794176	42729472	62128128	81264640	98041856	113770496	127401984	143654912	160432128	181403648	212860928	242221056	325058560	354418688	480247808	708837376	792723456
 2097152	106.734096	67633152	108527616	137363456	177209344	206569472	229638144	252706816	278921216	304087040	341835776	396361728	438304768	534773760	557842432	616562688	633339904	708837376
 4194304	53.233583	128450560	375390208	404750336	429916160	455081984	488636416	513802240	549453824	583008256	624951296	675282944	725614592	826277888	859832320	977272832	977272832	977272832
 8388608	26.761405	177209344	767557632	834666496	876609536	918552576	968884224	1019215872	1082130432	1132462080	1216348160	1317011456	1367343104	1535115264	1568669696	1602224128	1602224128	1602224128
16777216	12.464364	10304	1317011456	1887436800	2004877312	2088763392	2139095040	2197815296	2264924160	2332033024	2399141888	2533359616	2634022912	2902458368	3103784960	3137339392	3137339392	3137339392
     128	     0.0	0	0	0	0	0	0	0	0	0	0	0	0	0	0	0	0	0
     256	     0.0	0	0	0	0	0	0	0	0	0	0	0	0	0	0	0	0	0
     512	5484.850505	1695744	2310144	2572288	2965504	3325952	3686400	4177920	4816896	5799936	7110656	8847360	10682368	14483456	16056320	20840448	25034752	32636928
    1024	5581.113963	1581056	2056192	2277376	2605056	2932736	3325952	3817472	4489216	5537792	6848512	8847360	10682368	14614528	16449536	21102592	34865152	404750336
    2048	6846.838439	1335296	1531904	1744896	1957888	2179072	2572288	3063808	3719168	4620288	5799936	7503872	9109504	12648448	14221312	18481152	20840448	329252864
    4096	17794.606846	823296	1056768	1155072	1269760	1351680	1417216	1499136	1564672	1662976	1777664	1957888	2113536	2572288	2932736	6258688	8978432	25296896
    8192	15625.91247	790528	880640	1138688	1302528	1400832	1482752	1548288	1630208	1728512	1843200	2023424	2211840	2801664	3260416	7176192	9895936	333447168
   16384	11844.371854	905216	1056768	1220608	1433600	1564672	1679360	1794048	1957888	2211840	2867200	3784704	4489216	6193152	7700480	12779520	14090240	112721920
   32768	6054.664845	1122304	1597440	1875968	2244608	2605056	3096576	3719168	4423680	5079040	5931008	7176192	8454144	11862016	14352384	25296896	48496640	1069547520
   65536	3229.928345	1531904	2605056	3522560	4882432	5996544	6979584	7897088	8847360	9895936	11206656	13041664	14876672	19005440	20840448	28180480	137363456	817889280
  131072	1686.620892	2211840	3981312	5996544	9109504	11337728	13434880	15532032	17694720	20054016	22675456	26869760	30539776	38535168	43253760	83361792	119013376	329252864
  262144	845.028655	3915776	6389760	9764864	17694720	22151168	26083328	31326208	35913728	40632320	47448064	56885248	65273856	85458944	94896128	132644864	154140672	210763776
  524288	431.774269	6651904	10551296	16449536	32112640	40632320	48496640	58982400	68681728	80216064	94896128	117964800	139460608	185597952	206569472	261095424	278921216	283115520
 1048576	216.861452	13303808	28180480	51118080	72876032	87556096	105381888	121110528	139460608	158334976	181403648	214958080	248512512	325058560	362807296	438304768	450887680	492830720
 2097152	105.08452	69730304	119013376	143654912	179306496	210763776	235929600	261095424	287309824	312475648	341835776	392167424	429916160	541065216	591396864	624951296	641728512	666894336
 4194304	50.582751	193986560	404750336	429916160	459276288	488636416	513802240	534773760	566231040	591396864	633339904	692060160	742391808	826277888	859832320	918552576	926941184	926941184
 8388608	25.118941	166723584	801112064	851443712	926941184	1002438656	1052770304	1098907648	1132462080	1199570944	1249902592	1350565888	1434451968	1568669696	1585446912	1669332992	1669332992	1669332992
16777216	12.512031	14016	1115684864	1769996288	2004877312	2055208960	2105540608	2164260864	2264924160	2332033024	2432696320	2566914048	2701131776	3003121664	3036676096	3070230528	3070230528	3070230528
     128	     0.0	0	0	0	0	0	0	0	0	0	0	0	0	0	0	0	0	0
     256	     0.0	0	0	0	0	0	0	0	0	0	0	0	0	0	0	0	0	0
     512	5467.817739	1712128	2310144	2605056	2965504	3325952	3686400	4177920	4882432	5865472	7110656	8978432	10682368	14352384	15794176	20316160	26345472	37486592
    1024	5760.515966	1531904	1925120	2211840	2572288	2899968	3260416	3719168	4423680	5406720	6782976	8716288	10682368	14614528	16187392	20316160	24772608	320864256
    2048	6380.661934	1433600	1712128	1826816	2023424	2277376	2703360	3194880	3883008	4882432	6062080	7634944	9371648	12779520	14614528	20054016	95944704	641728512
    4096	17765.374488	831488	1056768	1155072	1269760	1351680	1417216	1499136	1581056	1662976	1777664	1957888	2113536	2572288	2965504	6193152	8028160	14876672
    8192	14485.317156	1056768	1187840	1269760	1368064	1433600	1515520	1581056	1662976	1744896	1859584	2039808	2244608	2834432	3227648	7766016	10289152	52690944
   16384	10825.70581	946176	1269760	1384448	1515520	1613824	1728512	1843200	2007040	2310144	2998272	3883008	4554752	6258688	7897088	12648448	14090240	102236160
   32768	6029.69901	1122304	1597440	1875968	2244608	2605056	3129344	3751936	4423680	5144576	5931008	7176192	8454144	11862016	14221312	26869760	48496640	1132462080
   65536	3161.755883	1531904	2703360	3620864	4947968	6127616	7110656	8093696	8978432	10158080	11337728	13303808	15138816	19005440	20840448	26869760	36438016	834666496
  131072	1665.455636	2244608	3981312	5996544	9240576	11599872	13697024	15794176	17956864	20316160	22937600	27394048	31064064	39059456	42205184	84410368	135266304	287309824
  262144	835.643366	3981312	6324224	9633792	17694720	22151168	26083328	31326208	36438016	41156608	47972352	57409536	65798144	86507520	95944704	166723584	206569472	229638144
  524288	442.771486	6520832	10813440	16318464	31588352	39059456	47448064	57933824	67633152	78118912	92798976	113770496	133693440	177209344	189792256	229638144	254803968	304087040
 1048576	220.490274	13041664	28704768	49545216	70778880	86507520	104333312	122159104	137363456	156237824	177209344	212860928	244318208	308281344	333447168	383778816	413138944	442499072
 2097152	103.994674	84410368	139460608	166723584	198180864	225443840	246415360	265289728	283115520	299892736	329252864	375390208	417333248	513802240	541065216	683671552	734003200	767557632
 4194304	53.600559	223346688	358612992	392167424	434110464	467664896	492830720	513802240	541065216	557842432	591396864	641728512	700448768	843055104	968884224	1019215872	1019215872	1019215872
 8388608	25.362319	214958080	809500672	859832320	943718400	994050048	1052770304	1098907648	1132462080	1182793728	1233125376	1317011456	1384120320	1635778560	1686110208	1719664640	1719664640	1719664640
16777216	12.436573	11840	1216348160	1920991232	2021654528	2122317824	2164260864	2231369728	2264924160	2332033024	2365587456	2499805184	2566914048	2835349504	2969567232	3070230528	3070230528	3070230528
     128	     0.0	0	0	0	0	0	0	0	0	0	0	0	0	0	0	0	0	0
     256	     0.0	0	0	0	0	0	0	0	0	0	0	0	0	0	0	0	0	0
     512	5469.851005	1679360	2277376	2572288	2965504	3293184	3686400	4177920	4816896	5865472	7110656	8978432	10682368	14352384	16056320	22937600	28442624	48496640
    1024	5482.30118	1597440	2072576	2310144	2637824	2932736	3325952	3817472	4554752	5603328	6914048	8847360	10813440	14614528	16449536	22151168	29229056	513802240
    2048	6389.594374	1433600	1695744	1826816	2007040	2277376	2670592	3162112	3883008	4816896	5996544	7700480	9371648	13041664	14745600	19005440	27131904	641728512
    4096	17287.723743	987136	1122304	1187840	1286144	1351680	1433600	1499136	1581056	1662976	1777664	1957888	2113536	2572288	2932736	6586368	8585216	20316160
    8192	16130.095663	749568	823296	962560	1286144	1384448	1466368	1548288	1630208	1712128	1843200	2023424	2211840	2801664	3260416	6586368	9764864	13041664
   16384	11854.538182	897024	1036288	1220608	1433600	1564672	1679360	1794048	1941504	2211840	2867200	3784704	4489216	6193152	7634944	12648448	14221312	116916224
   32768	6059.996	1122304	1597440	1859584	2211840	2605056	3129344	3751936	4423680	5079040	5931008	7176192	8454144	11599872	13959168	26869760	71827456	1149239296
   65536	3200.046662	1515520	2670592	3555328	4947968	6062080	7045120	7962624	8847360	10027008	11337728	13172736	15007744	19005440	20578304	26869760	30539776	817889280
  131072	1643.390441	2244608	4014080	6062080	9371648	11730944	13697024	15794176	18219008	20578304	23199744	27918336	31588352	40108032	44302336	82313216	123207680	341835776
  262144	830.589255	3850240	6651904	10289152	18219008	22413312	26607616	31064064	35913728	41156608	47972352	57933824	66846720	89653248	101187584	135266304	183500800	217055232
  524288	441.697761	6455296	10813440	15532032	31326208	39059456	47448064	57933824	67633152	79167488	92798976	115867648	137363456	177209344	189792256	221249536	231735296	278921216
 1048576	231.102231	10420224	17170432	28442624	58458112	73924608	89653248	110624768	129499136	149946368	179306496	225443840	263192576	333447168	354418688	425721856	429916160	442499072
 2097152	105.88157	67633152	114819072	139460608	175112192	208666624	231735296	256901120	283115520	312475648	346030080	392167424	429916160	517996544	557842432	650117120	683671552	734003200
 4194304	51.051651	248512512	341835776	404750336	450887680	484442112	509607936	541065216	566231040	599785472	633339904	700448768	759169024	876609536	918552576	1010827264	1019215872	1019215872
 8388608	25.52343	208666624	809500672	851443712	943718400	1002438656	1035993088	1082130432	1115684864	1149239296	1233125376	1317011456	1367343104	1501560832	1535115264	1568669696	1568669696	1568669696
16777216	12.807326	10560	1417674752	1820327936	1954545664	2021654528	2071986176	2139095040	2197815296	2264924160	2365587456	2466250752	2566914048	2835349504	3003121664	3003121664	3003121664	3003121664
     128	     0.0	0	0	0	0	0	0	0	0	0	0	0	0	0	0	0	0	0
     256	     0.0	0	0	0	0	0	0	0	0	0	0	0	0	0	0	0	0	0
     512	5452.118263	1679360	2310144	2572288	2965504	3325952	3719168	4177920	4882432	5865472	7110656	8978432	10682368	14352384	15925248	21364736	25559040	117964800
    1024	5708.776374	1548288	1957888	2244608	2572288	2899968	3293184	3751936	4423680	5472256	6848512	8847360	10682368	14483456	16318464	21364736	28704768	346030080
    2048	6406.519783	1433600	1695744	1826816	2023424	2277376	2703360	3162112	3850240	4816896	5996544	7634944	9371648	13041664	14876672	19791872	47972352	583008256
    4096	17276.257458	987136	1122304	1187840	1286144	1351680	1433600	1499136	1581056	1662976	1777664	1957888	2113536	2572288	2932736	6324224	9502720	20578304
    8192	16225.625812	749568	823296	954368	1269760	1368064	1449984	1531904	1613824	1712128	1826816	2007040	2211840	2801664	3260416	6651904	9895936	14483456
   16384	10841.0053	954368	1269760	1384448	1515520	1613824	1728512	1843200	2007040	2310144	2998272	3883008	4554752	6324224	7962624	13041664	14483456	1098907648
   32768	5966.234459	1155072	1630208	1892352	2277376	2637824	3162112	3784704	4489216	5210112	5996544	7241728	8585216	11862016	14352384	32899072	162529280	952107008
   65536	3146.44714	1613824	2768896	3653632	5013504	6127616	7176192	8093696	9109504	10158080	11468800	13434880	15138816	19005440	20840448	27918336	137363456	692060160
  131072	1638.25745	2179072	3915776	5996544	9240576	11599872	13697024	15925248	18219008	20578304	23199744	27656192	31326208	40108032	44826624	113770496	252706816	583008256
  262144	829.156113	3948544	6651904	10289152	18219008	22413312	26869760	31588352	36438016	41156608	47972352	57933824	66846720	85458944	95944704	166723584	181403648	233832448
  524288	432.959126	6782976	10944512	16580608	31850496	40108032	48496640	58982400	68681728	79167488	94896128	117964800	137363456	185597952	206569472	261095424	291504128	341835776
 1048576	218.91127	11862016	20840448	35913728	66322432	80216064	100139008	117964800	135266304	158334976	185597952	223346688	261095424	350224384	387973120	492830720	574619648	658505728
 2097152	106.676874	67633152	110624768	141557760	175112192	202375168	227540992	252706816	278921216	312475648	341835776	396361728	434110464	501219328	541065216	574619648	591396864	650117120
 4194304	52.491429	223346688	346030080	396361728	438304768	467664896	492830720	517996544	549453824	574619648	608174080	683671552	742391808	884998144	935329792	1098907648	1182793728	1182793728
 8388608	24.92771	179306496	843055104	901775360	960495616	1010827264	1061158912	1098907648	1132462080	1182793728	1233125376	1350565888	1451229184	1635778560	1736441856	1820327936	1820327936	1820327936
16777216	13.084669	13376	1333788672	1585446912	1769996288	1937768448	2071986176	2164260864	2231369728	2332033024	2432696320	2600468480	2701131776	2902458368	2969567232	3070230528	3070230528	3070230528
     128	     0.0	0	0	0	0	0	0	0	0	0	0	0	0	0	0	0	0	0
     256	     0.0	0	0	0	0	0	0	0	0	0	0	0	0	0	0	0	0	0
     512	5480.350655	1679360	2277376	2572288	2965504	3325952	3719168	4177920	4816896	5799936	7045120	8847360	10682368	14221312	15794176	19791872	22413312	44302336
    1024	5779.874004	1531904	1908736	2211840	2572288	2867200	3227648	3719168	4358144	5406720	6782976	8716288	10551296	14614528	16318464	20316160	23986176	248512512
    2048	6759.141362	1368064	1581056	1777664	1974272	2211840	2605056	3063808	3719168	4685824	5865472	7503872	9240576	12648448	14352384	19005440	23199744	379584512
    4096	17354.454852	987136	1105920	1187840	1269760	1351680	1417216	1499136	1564672	1662976	1777664	1941504	2113536	2572288	2932736	6651904	9109504	20316160
    8192	14603.246558	1056768	1187840	1253376	1351680	1433600	1499136	1564672	1646592	1728512	1843200	2023424	2211840	2801664	3260416	7962624	9895936	19791872
   16384	11824.905836	880640	1028096	1204224	1433600	1564672	1679360	1810432	1957888	2244608	2867200	3784704	4489216	6193152	7700480	12910592	14090240	22413312
   32768	6115.562815	1105920	1581056	1843200	2211840	2572288	3063808	3686400	4358144	5079040	5931008	7176192	8454144	11599872	13828096	30277632	185597952	843055104
   65536	3189.193694	1515520	2670592	3588096	4947968	6062080	7045120	7962624	8978432	10027008	11337728	13303808	15138816	19005440	20578304	25821184	31850496	750780416
  131072	1600.219934	2244608	4292608	6389760	9633792	11993088	14090240	16187392	18481152	20840448	23461888	28180480	31850496	40108032	45350912	126353408	299892736	574619648
  262144	827.156379	4079616	6651904	10420224	17956864	22151168	26345472	31064064	36438016	41680896	47972352	58458112	67633152	88604672	99090432	154140672	185597952	208666624
  524288	427.824407	7110656	11730944	17170432	33423360	40632320	49020928	60030976	69730304	80216064	94896128	116916224	137363456	187695104	204472320	265289728	283115520	329252864
 1048576	206.094921	16056320	44302336	61079552	78118912	94896128	110624768	125304832	141557760	160432128	185597952	227540992	263192576	350224384	383778816	417333248	438304768	476053504
 2097152	105.869044	63176704	112721920	139460608	179306496	206569472	233832448	258998272	283115520	312475648	346030080	387973120	429916160	541065216	566231040	641728512	759169024	759169024
 4194304	50.790481	229638144	396361728	417333248	455081984	484442112	509607936	534773760	557842432	591396864	641728512	692060160	742391808	851443712	918552576	994050048	1044381696	1044381696
 8388608	25.205334	173015040	843055104	910163968	968884224	1010827264	1044381696	1082130432	1132462080	1166016512	1233125376	1317011456	1384120320	1535115264	1568669696	1652555776	1652555776	1652555776
16777216	12.701887	11712	1249902592	1870659584	1988100096	2071986176	2139095040	2197815296	2231369728	2264924160	2365587456	2432696320	2499805184	2667577344	2768240640	2801795072	2801795072	2801795072
     128	     0.0	0	0	0	0	0	0	0	0	0	0	0	0	0	0	0	0	0
     256	     0.0	0	0	0	0	0	0	0	0	0	0	0	0	0	0	0	0	0
     512	5469.917669	1695744	2310144	2572288	2965504	3325952	3719168	4177920	4816896	5865472	7110656	8978432	10682368	14483456	15925248	20316160	23986176	32374784
    1024	5482.117263	1613824	2072576	2310144	2637824	2932736	3325952	3817472	4489216	5603328	6914048	8847360	10813440	15007744	16711680	22675456	181403648	463470592
    2048	6359.130754	1449984	1712128	1843200	2039808	2310144	2736128	3194880	3883008	4882432	5996544	7700480	9371648	12910592	14614528	19791872	29229056	591396864
    4096	17478.250725	954368	1105920	1171456	1286144	1351680	1433600	1499136	1581056	1662976	1777664	1957888	2113536	2572288	2932736	6455296	8978432	21102592
    8192	15725.309156	790528	880640	1138688	1302528	1384448	1466368	1548288	1630208	1712128	1826816	2007040	2211840	2801664	3293184	6848512	9895936	12124160
   16384	10831.077928	954368	1269760	1384448	1515520	1613824	1728512	1843200	2007040	2310144	2998272	3883008	4554752	6324224	7962624	13041664	14352384	918552576
   32768	6011.632946	1122304	1613824	1892352	2244608	2637824	3129344	3784704	4423680	5144576	5996544	7176192	8454144	11862016	14352384	25296896	47972352	1199570944
   65536	3175.327489	1548288	2703360	3588096	5013504	6127616	7110656	8028160	8978432	10027008	11337728	13172736	15007744	19005440	21102592	27918336	59506688	759169024
  131072	1672.366097	2244608	3883008	5799936	9109504	11468800	13565952	15663104	17956864	20316160	22937600	27394048	31064064	39583744	43253760	102236160	158334976	270532608
  262144	835.526097	4112384	6717440	10420224	17956864	22151168	26345472	31064064	35913728	41156608	47972352	57409536	66322432	86507520	99090432	141557760	177209344	208666624
  524288	437.751941	6389760	10158080	15663104	31326208	39583744	47448064	57933824	67633152	79167488	93847552	116916224	137363456	181403648	202375168	242221056	270532608	287309824
 1048576	227.393706	11730944	22413312	43778048	69730304	84410368	101187584	116916224	132644864	152043520	173015040	206569472	238026752	312475648	341835776	400556032	417333248	450887680
 2097152	107.947924	70778880	111673344	141557760	175112192	202375168	227540992	252706816	278921216	304087040	333447168	383778816	425721856	513802240	541065216	591396864	666894336	675282944
 4194304	51.739044	242221056	392167424	413138944	442499072	471859200	497025024	522190848	549453824	583008256	624951296	692060160	759169024	910163968	960495616	1027604480	1052770304	1052770304
 8388608	25.346772	137363456	834666496	884998144	968884224	1010827264	1052770304	1082130432	1132462080	1166016512	1216348160	1300234240	1384120320	1585446912	1602224128	1652555776	1652555776	1652555776
16777216	12.763136	13632	1333788672	1702887424	1920991232	2021654528	2105540608	2197815296	2231369728	2298478592	2365587456	2499805184	2634022912	2801795072	2868903936	2902458368	2902458368	2902458368
