     128	4240.278565	995328	1794048	2899968	4554752	5734400	6324224	6914048	7569408	8454144	9371648	12910592	15925248	20578304	22937600	29753344	32374784	41680896
     256	3922.256656	1269760	2277376	2965504	3850240	4685824	5406720	6389760	7766016	9240576	11862016	15663104	18743296	27131904	30539776	40108032	49020928	60555264
     512	3809.739524	724992	872448	1417216	2408448	2834432	3850240	5144576	7176192	9764864	13828096	19529728	25034752	35389440	42205184	62652416	69730304	99090432
    1024	3908.08848	544768	774144	962560	1286144	1875968	2605056	3817472	6586368	10027008	14745600	20840448	26607616	40632320	48496640	62652416	69730304	86507520
    2048	4524.701023	593920	790528	1036288	1482752	2310144	3129344	4227072	5799936	8224768	11468800	16187392	21364736	36438016	43253760	60030976	66322432	85458944
    4096	4755.263158	593920	839680	1155072	1630208	2211840	2867200	3817472	5144576	6848512	10027008	15663104	22151168	38535168	45350912	65798144	78118912	124256256
    8192	5070.414142	569344	782336	1073152	1466368	1957888	2637824	3457024	4554752	6127616	8716288	13959168	20316160	37486592	47448064	119013376	208666624	219152384
   16384	4250.058076	518144	708608	831488	1171456	1564672	2007040	2506752	3194880	4227072	5931008	9764864	15138816	208666624	212860928	263192576	417333248	624951296
   32768	2178.124379	593920	864256	1056768	1515520	2056192	2736128	3620864	4751360	6389760	8978432	16449536	39583744	225443840	312475648	471859200	650117120	792723456
   65536	1035.296053	618496	962560	1318912	1892352	2572288	3686400	5275648	7569408	11599872	21889024	94896128	206569472	358612992	446693376	658505728	658505728	1069547520
  131072	559.920372	782336	1187840	1761280	2899968	4227072	5931008	9240576	16318464	31064064	84410368	210763776	278921216	471859200	522190848	666894336	683671552	683671552
  262144	248.356647	1105920	1564672	2113536	3358720	5210112	8093696	13434880	25034752	52690944	160432128	408944640	717225984	1367343104	1669332992	2264924160	2365587456	2365587456
  524288	127.572947	1679360	2310144	2867200	3981312	5668864	8093696	12648448	24772608	56360960	206569472	446693376	960495616	3573547008	3774873600	5670699008	5670699008	5670699008
 1048576	63.812795	2801664	3588096	4489216	5799936	7831552	11075584	17170432	36438016	95944704	219152384	501219328	1820327936	8086618112	9193914368	13220446208	13220446208	13220446208
 2097152	32.155855	4882432	6062080	6979584	9109504	11206656	15269888	25034752	46923776	99090432	221249536	608174080	4932501504	17112760320	17112760320	17112760320	17112760320	17112760320
 4194304	18.312452	8028160	10813440	13041664	16449536	21102592	28966912	55312384	135266304	233832448	396361728	1266679808	8791261184	17112760320	17112760320	17112760320	17112760320	17112760320
 8388608	9.376363	12648448	16318464	21102592	33423360	70778880	160432128	244318208	354418688	583008256	1384120320	16575889408	17112760320	17112760320	17112760320	17112760320	17112760320	17112760320
16777216	7.707177	26869760	49020928	81264640	173015040	242221056	337641472	557842432	1266679808	3137339392	9059696640	15099494400	17112760320	17112760320	17112760320	17112760320	17112760320	17112760320
     128	4077.24092	946176	1843200	3457024	5079040	5931008	6193152	6914048	7634944	8716288	9764864	13828096	16580608	20578304	22937600	30277632	32899072	41680896
     256	4125.51646	856064	1662976	2539520	3686400	4358144	5079040	5734400	7176192	8585216	10944512	15663104	19267584	27394048	30801920	42205184	48496640	55312384
     512	3841.098447	569344	757760	921600	2310144	3096576	4014080	5406720	7372800	9764864	13565952	19267584	24510464	34865152	40632320	58458112	68681728	92798976
    1024	3738.742339	536576	659456	774144	1044480	1417216	2277376	4489216	7438336	10551296	15007744	21889024	28442624	43778048	50069504	66322432	76021760	89653248
    2048	4701.516414	544768	684032	880640	1286144	1794048	2605056	3719168	5275648	7634944	11075584	16580608	22151168	36962304	42729472	58982400	65798144	71827456
    4096	5201.970771	561152	724992	1019904	1417216	1908736	2506752	3162112	4145152	5668864	8454144	15138816	22151168	39583744	49020928	70778880	78118912	96993280
    8192	5187.974411	552960	733184	921600	1335296	1712128	2211840	2998272	4112384	5734400	8454144	14483456	21364736	38010880	47448064	206569472	212860928	233832448
   16384	3896.137424	544768	782336	987136	1417216	1777664	2244608	2801664	3489792	4554752	6193152	10027008	15400960	208666624	217055232	371195904	421527552	484442112
   32768	1852.887998	618496	929792	1187840	1761280	2310144	3031040	3981312	5472256	7503872	10813440	21364736	66322432	229638144	329252864	633339904	817889280	834666496
   65536	1010.810103	561152	905216	1253376	1794048	2342912	3194880	4685824	7176192	11862016	24248320	109576192	208666624	312475648	425721856	633339904	767557632	876609536
  131072	477.676665	684032	1003520	1368064	2408448	3686400	5341184	8454144	14483456	28180480	108527616	227540992	308281344	658505728	725614592	926941184	943718400	1182793728
  262144	244.658325	1089536	1564672	1974272	2965504	4358144	6586368	10682368	22151168	58458112	210763776	450887680	700448768	1115684864	1333788672	1585446912	1719664640	1719664640
  524288	120.945723	1695744	2342912	2899968	4046848	5603328	8454144	14614528	39059456	127401984	261095424	876609536	1702887424	2298478592	2600468480	4244635648	4395630592	4462739456
 1048576	60.287033	2834432	3817472	4685824	6193152	8454144	12517376	23199744	57933824	179306496	396361728	1300234240	3238002688	4932501504	9328132096	12683575296	12683575296	12683575296
 2097152	27.629466	4816896	5931008	7045120	8978432	11075584	14483456	22675456	44302336	141557760	325058560	3204448256	8489271296	17112760320	17112760320	17112760320	17112760320	17112760320
 4194304	17.115311	8159232	10682368	12124160	16318464	20316160	29229056	63176704	168820736	252706816	467664896	2734686208	16710107136	17112760320	17112760320	17112760320	17112760320	17112760320
 8388608	 9.57936	13303808	18743296	24510464	47972352	115867648	221249536	246415360	387973120	650117120	1551892480	13086228480	17112760320	17112760320	17112760320	17112760320	17112760320	17112760320
16777216	5.628669	34340864	54263808	177209344	233832448	417333248	501219328	792723456	1551892480	7415529472	9999220736	17112760320	17112760320	17112760320	17112760320	17112760320	17112760320	17112760320
     128	4305.308407	815104	1712128	3325952	4685824	5537792	6193152	6717440	7372800	8454144	9240576	12517376	15663104	20316160	22675456	29229056	32636928	44302336
     256	5240.704957	561152	684032	962560	1384448	2146304	3129344	4620288	5603328	7438336	9371648	13959168	17170432	25034752	28966912	36962304	44826624	57409536
     512	4085.928393	518144	651264	782336	1171456	2277376	3784704	5013504	6717440	9109504	12910592	19005440	24772608	34865152	41680896	58982400	73924608	100139008
    1024	5468.175153	387072	561152	610304	700416	831488	1019904	1482752	2605056	5668864	10420224	17694720	23461888	36962304	43778048	58982400	64225280	76021760
    2048	6207.93069	518144	651264	806912	1171456	1482752	1925120	2605056	3522560	4685824	7176192	12386304	18743296	34340864	43253760	60555264	67633152	94896128
    4096	6094.174887	536576	659456	790528	1187840	1515520	2023424	2703360	3686400	5210112	7438336	12255232	18219008	34865152	42205184	57933824	64749568	78118912
    8192	6145.868016	544768	700416	831488	1171456	1499136	1957888	2539520	3325952	4620288	6848512	11862016	17956864	36962304	47448064	70778880	206569472	225443840
   16384	4236.261187	544768	765952	921600	1318912	1679360	2113536	2637824	3325952	4358144	6127616	9895936	15138816	206569472	212860928	235929600	325058560	633339904
   32768	2331.786389	522240	831488	1036288	1449984	1957888	2605056	3391488	4489216	5865472	8290304	14614528	31850496	221249536	258998272	513802240	650117120	851443712
   65536	1113.536828	585728	929792	1335296	2007040	2768896	3883008	5537792	7831552	11599872	20840448	80216064	191889408	291504128	434110464	717225984	859832320	960495616
  131072	610.31282	741376	1105920	1499136	2408448	3522560	4882432	7045120	11075584	20316160	52166656	204472320	278921216	517996544	599785472	734003200	742391808	884998144
  262144	289.59477	1155072	1662976	2179072	3391488	5341184	7897088	12517376	22937600	48496640	154140672	333447168	624951296	1115684864	1283457024	1652555776	1669332992	1736441856
  524288	137.970102	1695744	2408448	2932736	4145152	5799936	8847360	13828096	28966912	72876032	187695104	463470592	1115684864	3472883712	3573547008	3875536896	4009754624	4043309056
 1048576	70.174471	2834432	3686400	4358144	5668864	7700480	11075584	18219008	33816576	80216064	212860928	541065216	1988100096	7482638336	7818182656	11475615744	11475615744	11609833472
 2097152	30.341506	5013504	7110656	8224768	10420224	13697024	20578304	36438016	78118912	191889408	278921216	1061158912	5066719232	16710107136	17112760320	17112760320	17112760320	17112760320
 4194304	17.797531	8159232	10813440	13697024	17694720	21364736	30277632	59506688	128450560	244318208	455081984	1954545664	17112760320	17112760320	17112760320	17112760320	17112760320	17112760320
 8388608	10.05301	13172736	19529728	26345472	43253760	74973184	131596288	221249536	283115520	549453824	1132462080	8925478912	17112760320	17112760320	17112760320	17112760320	17112760320	17112760320
16777216	6.727355	32112640	55836672	122159104	233832448	316669952	534773760	734003200	1635778560	4529848320	9865003008	17112760320	17112760320	17112760320	17112760320	17112760320	17112760320	17112760320
     128	4136.780039	962560	1892352	2998272	4685824	5799936	6193152	6914048	7569408	8585216	9633792	13828096	16580608	20578304	22937600	30277632	33423360	41156608
     256	4141.314851	1335296	1777664	2408448	3457024	4292608	5013504	5668864	7045120	8716288	11075584	15794176	19267584	27656192	30801920	42205184	47972352	59506688
     512	3996.801066	651264	905216	1368064	1990656	2703360	3686400	4947968	6717440	9371648	13172736	18743296	23986176	34340864	40632320	57933824	66322432	96993280
    1024	3760.146618	522240	651264	806912	1138688	1531904	2441216	4489216	7438336	10289152	14614528	21626880	28442624	43253760	49545216	66846720	77070336	91750400
    2048	4262.170537	569344	823296	1122304	1712128	2441216	3358720	4489216	6324224	8716288	11993088	17170432	23199744	38535168	44302336	61079552	66322432	74973184
    4096	4602.892176	577536	774144	1138688	1613824	2179072	2834432	3751936	5144576	7110656	10158080	16580608	23724032	40632320	49545216	73924608	83361792	99090432
    8192	5315.584286	569344	741376	954368	1368064	1810432	2408448	3162112	4227072	5734400	8355840	13697024	19791872	37486592	46923776	141557760	208666624	221249536
   16384	3905.177293	528384	757760	929792	1384448	1810432	2277376	2834432	3555328	4554752	6324224	10027008	15400960	208666624	217055232	413138944	429916160	492830720
   32768	1857.559006	634880	946176	1204224	1794048	2441216	3293184	4292608	5668864	7700480	11075584	22675456	65273856	225443840	256901120	624951296	834666496	943718400
   65536	1004.838442	561152	880640	1236992	1843200	2473984	3358720	4751360	7110656	12124160	27394048	108527616	206569472	320864256	417333248	566231040	633339904	641728512
  131072	503.376606	724992	1011712	1368064	2179072	3358720	5144576	7766016	13041664	25296896	85458944	221249536	316669952	658505728	734003200	843055104	859832320	859832320
  262144	238.847166	1105920	1531904	1908736	2965504	4554752	7045120	11468800	23986176	65798144	214958080	450887680	767557632	1132462080	1266679808	1686110208	2071986176	2088763392
  524288	117.977196	1597440	2146304	2637824	3653632	4882432	6979584	10944512	26345472	89653248	261095424	859832320	1786773504	2600468480	3875536896	4143972352	4328521728	4462739456
 1048576	67.480258	2899968	3751936	4620288	6127616	8028160	11993088	23199744	60555264	183500800	358612992	1468006400	3271557120	4999610368	5737807872	6945767424	6945767424	6945767424
 2097152	32.691536	4816896	6193152	7307264	8978432	10944512	14090240	22675456	56885248	175112192	383778816	3271557120	5804916736	11609833472	14965276672	17112760320	17112760320	17112760320
 4194304	14.607812	10027008	12255232	14745600	19791872	27394048	55312384	115867648	221249536	274726912	522190848	5670699008	17112760320	17112760320	17112760320	17112760320	17112760320	17112760320
 8388608	6.946849	16449536	21889024	27918336	61603840	135266304	233832448	329252864	534773760	943718400	2071986176	17112760320	17112760320	17112760320	17112760320	17112760320	17112760320	17112760320
16777216	3.829647	42205184	177209344	240123904	450887680	650117120	901775360	3305111552	5402263552	8422162432	16173236224	17112760320	17112760320	17112760320	17112760320	17112760320	17112760320	17112760320
     128	5846.833039	602112	757760	856064	1220608	1892352	3031040	4882432	6127616	6979584	8454144	10682368	14745600	19267584	21364736	27918336	30015488	34340864
     256	7005.432609	518144	618496	757760	1155072	1466368	1744896	2310144	3227648	4751360	7176192	11468800	15925248	24248320	27656192	36962304	41680896	54263808
     512	7910.646514	460800	569344	626688	765952	905216	1138688	1449984	2277376	3588096	5668864	10289152	16580608	28442624	32374784	45350912	53215232	72876032
    1024	6888.166883	468992	577536	643072	774144	897024	1089536	1384448	1941504	3325952	6914048	13303808	20054016	34865152	40632320	58458112	65273856	78118912
    2048	6686.329401	544768	659456	782336	1089536	1335296	1630208	2146304	2932736	4489216	6914048	11993088	17694720	31850496	38535168	53739520	57409536	71827456
    4096	7214.802226	536576	659456	765952	1028096	1318912	1662976	2146304	2932736	4112384	6062080	10551296	16056320	30015488	36438016	51118080	57409536	77070336
    8192	5605.57424	585728	741376	929792	1351680	1744896	2277376	2965504	4014080	5537792	8028160	13434880	19529728	35913728	43253760	63700992	81264640	210763776
   16384	4732.598185	493568	692224	823296	1105920	1449984	1859584	2408448	3063808	4014080	5668864	9240576	14483456	206569472	210763776	233832448	248512512	421527552
   32768	2270.3938	460800	774144	978944	1318912	1728512	2277376	2965504	3915776	5341184	8028160	15400960	38535168	227540992	267386880	633339904	708837376	868220928
   65536	1244.201865	561152	888832	1187840	1728512	2342912	3129344	4423680	6324224	10158080	21364736	76021760	168820736	244318208	308281344	459276288	641728512	717225984
  131072	557.648534	708608	1056768	1417216	2244608	3424256	4882432	7700480	13303808	29491200	80216064	208666624	287309824	522190848	608174080	801112064	843055104	1283457024
  262144	293.250657	1089536	1581056	2056192	3162112	4554752	6848512	11337728	23199744	62128128	189792256	367001600	591396864	952107008	1052770304	1333788672	1400897536	1400897536
  524288	153.594247	1662976	2408448	2998272	4145152	5799936	7962624	12779520	28442624	88604672	225443840	666894336	1434451968	2105540608	2298478592	2533359616	2600468480	2667577344
 1048576	70.609839	3194880	4292608	5210112	6848512	9109504	12910592	24248320	58982400	185597952	346030080	1468006400	2902458368	4932501504	5200936960	7281311744	7281311744	7281311744
 2097152	34.049987	5275648	6651904	8355840	10944512	14352384	21364736	50593792	119013376	223346688	425721856	3170893824	7079985152	11207180288	12280922112	16710107136	16710107136	16710107136
 4194304	16.942845	9633792	12124160	15269888	20316160	29229056	57409536	103284736	214958080	270532608	666894336	3036676096	15502147584	17112760320	17112760320	17112760320	17112760320	17112760320
 8388608	7.672983	16318464	28180480	46399488	85458944	149946368	240123904	350224384	599785472	1182793728	2164260864	17112760320	17112760320	17112760320	17112760320	17112760320	17112760320	17112760320
16777216	3.578885	49545216	225443840	312475648	505413632	1002438656	2399141888	3271557120	4731174912	6945767424	17112760320	17112760320	17112760320	17112760320	17112760320	17112760320	17112760320	17112760320
     128	4146.136674	774144	995328	3457024	5013504	5799936	6127616	6848512	7503872	8585216	9633792	13565952	16449536	20578304	22675456	29753344	32112640	35389440
     256	4225.339909	577536	815104	2408448	3620864	4358144	5013504	5603328	6979584	8454144	10551296	15400960	18743296	27394048	30801920	41680896	47448064	57933824
     512	4232.534897	518144	602112	667648	856064	1777664	3489792	4816896	6455296	9109504	12910592	18743296	23986176	34340864	40108032	57409536	66846720	86507520
    1024	4275.039163	468992	585728	659456	839680	1155072	1761280	2703360	5079040	9109504	13303808	20316160	27394048	42205184	48496640	65273856	72876032	88604672
    2048	4614.60034	518144	634880	749568	1171456	1744896	2670592	3981312	5603328	7700480	10813440	16908288	23199744	38535168	43778048	59506688	65798144	82313216
    4096	6026.894621	569344	733184	946176	1286144	1662976	2179072	2768896	3489792	4751360	6848512	12124160	19005440	38535168	47448064	66846720	78118912	87556096
    8192	5104.262251	569344	724992	888832	1302528	1728512	2277376	3129344	4292608	6127616	8978432	15269888	21626880	38010880	46399488	84410368	123207680	212860928
   16384	3869.99704	514048	724992	856064	1187840	1564672	2007040	2572288	3358720	4489216	6193152	10027008	15663104	210763776	217055232	312475648	417333248	488636416
   32768	2002.452686	518144	831488	1036288	1449984	1990656	2637824	3522560	4751360	6651904	9895936	18481152	58458112	227540992	295698432	624951296	641728512	868220928
   65536	1039.661555	618496	1011712	1351680	1925120	2605056	3588096	5210112	7831552	12517376	26869760	104333312	198180864	295698432	413138944	624951296	633339904	876609536
  131072	505.439441	716800	1056768	1466368	2506752	3686400	5275648	8093696	13959168	27131904	86507520	219152384	333447168	566231040	717225984	868220928	868220928	926941184
  262144	272.072605	1171456	1597440	1974272	2899968	4358144	6520832	10813440	24510464	72876032	206569472	417333248	633339904	985661440	1115684864	1585446912	1619001344	1619001344
  524288	128.467286	1728512	2375680	2899968	3883008	5472256	7962624	12517376	25821184	104333312	254803968	759169024	1652555776	2399141888	3137339392	3472883712	3472883712	3539992576
 1048576	63.540742	2965504	3620864	4292608	5603328	7503872	10289152	16449536	42205184	160432128	346030080	1501560832	3338665984	5133828096	7281311744	9193914368	9193914368	11475615744
 2097152	32.074288	4620288	5865472	7110656	8847360	11075584	14221312	23986176	62128128	191889408	413138944	3372220416	8489271296	12280922112	13757317120	17112760320	17112760320	17112760320
 4194304	14.451722	8978432	12517376	15269888	19791872	25821184	45350912	109576192	193986560	287309824	591396864	5670699008	17112760320	17112760320	17112760320	17112760320	17112760320	17112760320
 8388608	6.909906	17432576	21102592	28180480	60555264	147849216	233832448	333447168	530579456	893386752	2055208960	17112760320	17112760320	17112760320	17112760320	17112760320	17112760320	17112760320
16777216	3.876656	30539776	187695104	231735296	379584512	650117120	1002438656	2936012800	5603590144	8925478912	15367929856	17112760320	17112760320	17112760320	17112760320	17112760320	17112760320	17112760320
     128	6234.467135	561152	659456	782336	970752	1548288	2539520	4489216	5996544	6914048	8224768	9895936	13565952	18743296	21626880	27656192	31588352	39583744
     256	5936.294272	514048	675840	913408	1220608	1613824	2375680	3391488	4751360	6586368	8585216	12779520	16449536	24248320	28180480	36438016	42205184	60555264
     512	7174.555622	419840	561152	610304	692224	815104	1028096	1499136	2834432	4423680	6520832	11730944	17956864	30539776	33816576	50593792	57409536	82313216
    1024	5895.071807	448512	569344	626688	741376	880640	1122304	1581056	2736128	5144576	8978432	16187392	21889024	34865152	41156608	57409536	62652416	73924608
    2048	6936.910515	514048	634880	749568	1056768	1286144	1564672	2039808	2736128	4079616	6389760	11337728	17694720	31850496	40632320	56885248	63176704	90701824
    4096	6683.76353	536576	667648	806912	1187840	1499136	1925120	2506752	3260416	4685824	6782976	11075584	16449536	31064064	36962304	51642368	59506688	69730304
    8192	6690.358035	536576	692224	815104	1187840	1482752	1875968	2441216	3227648	4489216	6586368	10944512	16318464	30801920	38010880	64749568	95944704	225443840
   16384	4548.595683	509952	708608	839680	1138688	1482752	1908736	2441216	3129344	4145152	5799936	9502720	14352384	206569472	210763776	254803968	417333248	641728512
   32768	2712.767707	528384	815104	1011712	1400832	1843200	2375680	2998272	3817472	5079040	7176192	12517376	24510464	217055232	233832448	425721856	557842432	650117120
   65536	1255.37483	561152	864256	1171456	1728512	2408448	3293184	4620288	6455296	9502720	17432576	66846720	164626432	283115520	434110464	616562688	641728512	692060160
  131072	675.569989	765952	1122304	1482752	2342912	3391488	4489216	6520832	9895936	17432576	41156608	189792256	252706816	501219328	557842432	750780416	859832320	943718400
  262144	318.836406	1019904	1515520	1974272	2965504	4358144	6979584	11730944	22151168	45875200	141557760	295698432	541065216	1002438656	1098907648	1350565888	1367343104	1417674752
  524288	157.695037	1646592	2277376	2834432	3981312	5406720	7503872	10813440	18481152	40632320	149946368	371195904	952107008	3539992576	3774873600	3942645760	3976200192	4009754624
 1048576	67.142121	2998272	4014080	4816896	6520832	8585216	12648448	23724032	47972352	119013376	219152384	534773760	2122317824	7616856064	7818182656	11207180288	11475615744	11609833472
 2097152	31.647152	4947968	6455296	8028160	10551296	13565952	21364736	44302336	103284736	212860928	341835776	1082130432	4932501504	16039018496	17112760320	17112760320	17112760320	17112760320
 4194304	18.839155	9240576	12124160	15663104	20840448	29491200	51642368	101187584	219152384	304087040	492830720	1182793728	17112760320	17112760320	17112760320	17112760320	17112760320	17112760320
 8388608	10.346379	17432576	25821184	36962304	73924608	126353408	227540992	299892736	467664896	658505728	1451229184	17112760320	17112760320	17112760320	17112760320	17112760320	17112760320	17112760320
16777216	6.521638	42729472	91750400	145752064	246415360	417333248	541065216	834666496	1350565888	2969567232	9865003008	17112760320	17112760320	17112760320	17112760320	17112760320	17112760320	17112760320
     128	4491.484185	905216	1122304	1875968	3522560	5013504	5996544	6651904	7307264	8355840	9240576	12648448	15794176	20316160	22937600	29491200	32374784	43778048
     256	4121.418099	643072	1220608	1974272	3391488	4227072	5079040	5931008	7372800	9109504	11862016	15532032	18743296	26869760	30539776	39583744	48496640	60030976
     512	4338.363648	577536	823296	1122304	1712128	2408448	2834432	3948544	5537792	8224768	12386304	18481152	23724032	33816576	40632320	57933824	65273856	80216064
    1024	4208.590184	509952	626688	823296	1187840	1728512	2342912	3325952	5537792	8847360	13565952	19791872	25821184	40108032	46923776	62652416	71827456	80216064
    2048	4739.972015	544768	684032	954368	1433600	2113536	3031040	4145152	5537792	7766016	10813440	15663104	20578304	34340864	40632320	57409536	66846720	90701824
    4096	5046.44035	610304	847872	1138688	1613824	2113536	2736128	3522560	4751360	6520832	9240576	14876672	20840448	35913728	43253760	63700992	76021760	114819072
    8192	5550.337579	536576	708608	880640	1302528	1679360	2211840	2932736	3948544	5406720	7897088	12779520	18743296	36962304	46923776	139460608	208666624	227540992
   16384	3958.523351	544768	765952	937984	1351680	1777664	2244608	2801664	3522560	4620288	6389760	10420224	16187392	208666624	214958080	320864256	417333248	434110464
   32768	2125.855576	489472	823296	1056768	1548288	2146304	2867200	3817472	5013504	6651904	9371648	16908288	38010880	227540992	329252864	557842432	641728512	868220928
   65536	1001.610253	610304	1011712	1368064	1957888	2605056	3686400	5210112	7569408	11599872	23199744	94896128	210763776	400556032	459276288	658505728	666894336	708837376
  131072	546.174747	790528	1204224	1761280	2801664	3850240	5341184	8224768	13565952	25034752	73924608	217055232	312475648	476053504	574619648	767557632	817889280	1027604480
  262144	242.055278	1089536	1499136	1957888	3162112	4816896	7438336	12517376	22937600	44826624	137363456	392167424	734003200	1451229184	1719664640	3137339392	3607101440	3607101440
  524288	121.250245	1761280	2408448	2965504	4227072	5865472	8454144	13041664	24248320	79167488	206569472	438304768	985661440	3640655872	3909091328	6207569920	6274678784	6274678784
 1048576	54.985029	2736128	3817472	4751360	6455296	8716288	12648448	19529728	34865152	108527616	221249536	497025024	2365587456	8153726976	8925478912	11744051200	11744051200	11744051200
 2097152	28.793257	4816896	5931008	6914048	9240576	11337728	14614528	22937600	40632320	83361792	225443840	692060160	5133828096	17112760320	17112760320	17112760320	17112760320	17112760320
 4194304	20.036687	7766016	11206656	13697024	17694720	22413312	35913728	57933824	107479040	198180864	295698432	943718400	7885291520	17112760320	17112760320	17112760320	17112760320	17112760320
 8388608	9.481195	15138816	24772608	37486592	61079552	109576192	202375168	254803968	375390208	574619648	1199570944	8791261184	17112760320	17112760320	17112760320	17112760320	17112760320	17112760320
16777216	12.173089	27394048	36962304	59506688	187695104	240123904	304087040	417333248	505413632	700448768	4009754624	9865003008	13488881664	17112760320	17112760320	17112760320	17112760320	17112760320
     128	4480.255923	643072	946176	1482752	3391488	5079040	5931008	6586368	7241728	8454144	9502720	13434880	16318464	20316160	22413312	30015488	32899072	41156608
     256	4388.635227	716800	1204224	1646592	2703360	3686400	4423680	5275648	6520832	8454144	10944512	15532032	19005440	27656192	30539776	41680896	46923776	55312384
     512	4484.553604	733184	1036288	1220608	1646592	2211840	2834432	3850240	5341184	7897088	11993088	17694720	22937600	33423360	39583744	54788096	62128128	72876032
    1024	4176.649002	552960	708608	839680	1073152	1433600	2023424	3293184	5865472	9109504	12910592	20054016	27131904	42205184	48496640	65798144	71827456	94896128
    2048	4547.749908	577536	765952	1122304	1548288	2146304	3129344	4227072	5799936	8093696	11075584	16318464	21889024	35389440	43253760	59506688	65798144	77070336
    4096	4827.844561	577536	757760	1089536	1499136	2039808	2703360	3588096	4882432	6848512	9895936	16056320	22413312	38010880	46399488	66322432	74973184	94896128
    8192	5529.960935	552960	708608	864256	1286144	1679360	2179072	2899968	3850240	5341184	7831552	13041664	19529728	36438016	45350912	162529280	210763776	231735296
   16384	3996.430578	536576	733184	864256	1204224	1581056	2023424	2572288	3293184	4227072	5865472	9240576	14483456	208666624	217055232	417333248	438304768	633339904
   32768	1959.546979	505856	823296	1028096	1515520	2007040	2670592	3522560	4751360	6586368	9633792	19791872	61603840	231735296	295698432	522190848	801112064	943718400
   65536	1032.597893	577536	921600	1253376	1794048	2375680	3194880	4751360	7241728	12517376	27131904	98041856	206569472	329252864	421527552	624951296	641728512	734003200
  131072	473.851289	716800	1122304	1581056	2506752	3686400	5275648	7962624	14221312	33423360	102236160	223346688	346030080	666894336	801112064	918552576	977272832	1002438656
  262144	225.836988	1073152	1548288	2023424	3129344	4751360	7438336	11468800	21889024	63700992	212860928	484442112	759169024	1216348160	1635778560	2038431744	2071986176	2105540608
  524288	111.885234	1728512	2277376	2801664	3883008	5341184	7372800	11599872	29229056	88604672	231735296	884998144	1920991232	2365587456	2634022912	4278190080	4731174912	5804916736
 1048576	57.697198	2703360	3620864	4358144	5865472	7831552	11730944	21364736	44302336	158334976	308281344	1585446912	3338665984	5268045824	10804527104	12146704384	12146704384	12415139840
 2097152	24.045641	4947968	6062080	6979584	8716288	10944512	15007744	24510464	54788096	173015040	417333248	3271557120	9059696640	17112760320	17112760320	17112760320	17112760320	17112760320
 4194304	16.255167	8454144	10420224	12517376	16580608	20578304	28704768	53215232	113770496	227540992	438304768	2902458368	16978542592	17112760320	17112760320	17112760320	17112760320	17112760320
 8388608	8.569628	15138816	18481152	24248320	45875200	93847552	204472320	240123904	434110464	666894336	1468006400	17112760320	17112760320	17112760320	17112760320	17112760320	17112760320	17112760320
16777216	37.697301	47972352	86507520	127401984	225443840	283115520	354418688	455081984	566231040	734003200	918552576	1199570944	1719664640	11475615744	12146704384	12952010752	13086228480	13086228480
     128	10598.893776	505856	577536	618496	692224	782336	937984	1204224	1597440	2441216	5079040	8290304	10289152	17432576	19267584	24510464	27918336	33423360
     256	9279.630802	428032	585728	634880	749568	962560	1335296	1646592	2088960	2768896	4751360	8716288	13959168	21626880	25034752	32112640	36438016	42729472
     512	9405.075094	387072	561152	610304	684032	806912	987136	1253376	1613824	2408448	3588096	8585216	15794176	28704768	32374784	46399488	53215232	67633152
    1024	7915.68954	501760	602112	667648	798720	987136	1236992	1646592	2211840	3227648	5210112	10813440	16318464	30015488	35913728	49020928	53215232	67633152
    2048	8748.516766	505856	610304	675840	831488	1044480	1269760	1548288	1990656	2867200	4947968	9109504	13697024	26607616	33161216	46399488	54263808	66846720
    4096	7629.590137	536576	659456	765952	1056768	1335296	1630208	2088960	2768896	3817472	5603328	9764864	15138816	28442624	34340864	48496640	54263808	74973184
    8192	6010.39411	552960	708608	839680	1204224	1531904	2007040	2703360	3653632	5144576	7503872	12517376	18481152	33816576	41156608	65273856	77070336	212860928
   16384	4535.99361	485376	716800	839680	1155072	1482752	1843200	2342912	2998272	3981312	5537792	9371648	15007744	206569472	212860928	235929600	287309824	417333248
   32768	2416.061766	569344	823296	978944	1269760	1630208	2072576	2703360	3555328	4947968	7503872	14483456	33816576	225443840	291504128	641728512	801112064	843055104
   65536	1330.698462	585728	897024	1236992	1826816	2441216	3260416	4620288	6717440	10158080	17956864	60555264	156237824	263192576	371195904	459276288	624951296	641728512
  131072	597.805312	774144	1122304	1499136	2310144	3260416	4489216	6520832	11730944	26869760	72876032	198180864	256901120	526385152	624951296	708837376	868220928	1002438656
  262144	313.357851	1056768	1564672	2007040	3063808	4751360	7045120	10682368	20840448	50069504	154140672	325058560	549453824	968884224	1098907648	1468006400	1551892480	1602224128
  524288	156.577064	1826816	2408448	2965504	4112384	5799936	8159232	13434880	31588352	115867648	229638144	650117120	1132462080	2197815296	2332033024	2734686208	2969567232	2969567232
 1048576	71.340075	3031040	3883008	4685824	6520832	9240576	14614528	30015488	76021760	196083712	350224384	1317011456	2667577344	4798283776	4999610368	7214202880	7281311744	7281311744
 2097152	35.661379	5079040	7176192	9109504	11730944	15269888	25559040	51118080	125304832	223346688	438304768	2868903936	6408896512	10804527104	12549357568	12952010752	16710107136	16710107136
 4194304	17.293631	10158080	12910592	16187392	22151168	34340864	53739520	102236160	189792256	265289728	480247808	2868903936	14159970304	17112760320	17112760320	17112760320	17112760320	17112760320
 8388608	7.606764	17694720	25559040	32374784	62652416	166723584	238026752	367001600	549453824	1149239296	2139095040	17112760320	17112760320	17112760320	17112760320	17112760320	17112760320	17112760320
16777216	3.740864	50593792	189792256	312475648	480247808	675282944	1149239296	2038431744	3573547008	5670699008	17112760320	17112760320	17112760320	17112760320	17112760320	17112760320	17112760320	17112760320
     128	4194.163113	1089536	1679360	3424256	4816896	5734400	6389760	6979584	7569408	8454144	9371648	12910592	15925248	20578304	22937600	30015488	33161216	42205184
     256	3882.394108	1384448	2539520	3227648	4014080	4751360	5472256	6520832	7831552	9240576	11862016	15794176	18743296	27131904	31064064	40108032	49020928	60555264
     512	3660.846966	634880	839680	1826816	2506752	3260416	4292608	5603328	7700480	10289152	14221312	20054016	25559040	35913728	42729472	62128128	72876032	103284736
    1024	3990.203918	561152	684032	790528	962560	1417216	2113536	3293184	6389760	10027008	14745600	20840448	27131904	41680896	49020928	63176704	69730304	79167488
    2048	5393.976747	536576	700416	872448	1236992	1630208	2211840	3129344	4227072	6193152	8978432	14614528	20316160	35913728	42729472	57409536	63700992	88604672
    4096	5471.601893	561152	700416	888832	1318912	1761280	2375680	3162112	4227072	5865472	8290304	13565952	19529728	37486592	44826624	62128128	71827456	124256256
    8192	5546.453181	501760	692224	823296	1171456	1581056	2179072	2899968	3883008	5472256	8290304	13434880	19529728	38010880	46923776	71827456	123207680	217055232
   16384	3861.703541	536576	798720	1028096	1482752	1957888	2441216	3063808	3850240	4947968	6848512	11206656	17170432	208666624	214958080	299892736	421527552	616562688
   32768	2024.505153	569344	856064	1089536	1662976	2310144	3063808	4046848	5210112	6782976	9633792	18219008	46923776	227540992	320864256	476053504	650117120	792723456
   65536	1068.444182	561152	880640	1204224	1777664	2375680	3162112	4685824	7045120	11206656	22937600	89653248	189792256	291504128	434110464	692060160	717225984	859832320
  131072	583.653373	782336	1187840	1613824	2539520	3620864	5144576	8028160	13565952	25034752	68681728	206569472	274726912	471859200	549453824	742391808	784334848	960495616
  262144	285.48758	1056768	1433600	1892352	2867200	4423680	6979584	11075584	21626880	47448064	125304832	333447168	683671552	1216348160	1350565888	1753219072	1769996288	1769996288
  524288	126.652502	1712128	2342912	2932736	4145152	5996544	8585216	13172736	25296896	64225280	210763776	455081984	1019215872	3539992576	3674210304	4731174912	4731174912	4731174912
 1048576	64.205044	2801664	3686400	4358144	5734400	7372800	10158080	15663104	30277632	73924608	210763776	530579456	2164260864	7952400384	8925478912	14696841216	14696841216	14696841216
 2097152	31.704151	4816896	5996544	7307264	9502720	12124160	16449536	25559040	46399488	105381888	225443840	801112064	4932501504	17112760320	17112760320	17112760320	17112760320	17112760320
 4194304	18.376661	7962624	11075584	13041664	17170432	21889024	30539776	57933824	115867648	225443840	350224384	1182793728	8657043456	17112760320	17112760320	17112760320	17112760320	17112760320
 8388608	9.477654	15138816	20054016	25821184	55312384	122159104	202375168	256901120	383778816	641728512	1501560832	9059696640	17112760320	17112760320	17112760320	17112760320	17112760320	17112760320
16777216	   7.459	21889024	45875200	66846720	196083712	250609664	367001600	616562688	1384120320	3808428032	9596567552	15904800768	17112760320	17112760320	17112760320	17112760320	17112760320	17112760320
     128	4584.313464	864256	1646592	1859584	3489792	5013504	5865472	6455296	7110656	8093696	9109504	11993088	15400960	20054016	22675456	28704768	32112640	42729472
     256	5610.711191	561152	823296	1089536	1335296	1892352	2572288	3751936	5275648	6979584	8847360	13303808	16908288	24772608	28704768	36962304	42205184	58982400
     512	6197.367983	415744	552960	602112	724992	946176	1302528	2088960	3653632	5275648	7634944	13828096	20316160	32112640	38010880	56360960	68681728	92798976
    1024	5472.051965	395264	552960	602112	692224	839680	1056768	1531904	3129344	5996544	10158080	17170432	22937600	36962304	43253760	59506688	64225280	76021760
    2048	6357.073821	544768	675840	823296	1155072	1433600	1859584	2408448	3293184	4685824	6914048	12255232	18743296	33816576	42205184	59506688	66846720	91750400
    4096	6860.606061	528384	651264	757760	1122304	1384448	1761280	2342912	3063808	4292608	6455296	10682368	16711680	32112640	39059456	56360960	61603840	72876032
    8192	6437.595789	544768	692224	798720	1138688	1482752	1941504	2572288	3391488	4620288	6782976	11337728	16908288	33816576	41156608	64749568	83361792	219152384
   16384	4267.669073	485376	708608	847872	1220608	1531904	1908736	2408448	3129344	4112384	5865472	9633792	14876672	208666624	212860928	248512512	413138944	868220928
   32768	2495.00699	436224	774144	970752	1318912	1761280	2277376	2965504	3850240	5144576	7438336	12910592	27656192	219152384	254803968	455081984	549453824	650117120
   65536	1115.472447	585728	946176	1318912	2039808	2899968	3948544	5603328	7766016	11599872	21364736	81264640	185597952	299892736	429916160	658505728	692060160	851443712
  131072	626.425041	733184	1105920	1531904	2375680	3325952	4554752	6586368	10027008	18481152	47972352	198180864	278921216	501219328	599785472	692060160	792723456	893386752
  262144	299.079609	1105920	1630208	2244608	3588096	5406720	8028160	12779520	24772608	48496640	137363456	304087040	599785472	1115684864	1216348160	1367343104	1786773504	1786773504
  524288	157.317818	1761280	2342912	2899968	4177920	5931008	8585216	13565952	28704768	73924608	193986560	396361728	843055104	3472883712	3607101440	3909091328	3909091328	4009754624
 1048576	68.142962	3129344	4079616	4947968	6520832	8290304	11730944	19267584	36438016	96993280	219152384	591396864	2399141888	7549747200	8019509248	13488881664	13488881664	13488881664
 2097152	31.740852	4882432	6324224	7897088	10420224	14221312	21889024	38010880	78118912	162529280	256901120	1002438656	5603590144	15367929856	16844324864	17112760320	17112760320	17112760320
 4194304	19.156455	9109504	11862016	13172736	16908288	23724032	42205184	86507520	185597952	270532608	455081984	1317011456	17112760320	17112760320	17112760320	17112760320	17112760320	17112760320
 8388608	9.804306	15400960	23199744	32374784	61079552	147849216	235929600	320864256	476053504	784334848	1484783616	17112760320	17112760320	17112760320	17112760320	17112760320	17112760320	17112760320
16777216	6.392227	32899072	77070336	179306496	248512512	392167424	692060160	985661440	1484783616	3338665984	9999220736	17112760320	17112760320	17112760320	17112760320	17112760320	17112760320	17112760320
     128	10219.474807	436224	585728	634880	716800	823296	962560	1204224	1662976	2834432	5472256	8585216	10158080	17432576	19529728	25559040	28966912	38010880
     256	7234.876512	518144	659456	790528	1105920	1384448	1761280	2244608	2932736	4554752	7372800	11075584	15138816	22675456	26083328	35389440	40108032	55836672
     512	9653.653987	382976	544768	585728	659456	749568	864256	1089536	1499136	2375680	3751936	8454144	15269888	28442624	32112640	44826624	53215232	70778880
    1024	7984.904529	452608	577536	634880	757760	888832	1056768	1335296	1990656	3129344	5668864	11599872	16711680	27918336	32636928	46399488	50593792	64225280
    2048	7710.13527	514048	634880	741376	1019904	1253376	1548288	1957888	2572288	3719168	5931008	9764864	14876672	27394048	33816576	51118080	55836672	68681728
    4096	7716.532285	528384	651264	757760	1073152	1351680	1646592	2113536	2768896	3784704	5603328	9371648	14352384	28966912	34865152	52166656	59506688	77070336
    8192	6635.552299	544768	700416	831488	1187840	1482752	1875968	2408448	3227648	4423680	6455296	10944512	16449536	32636928	40632320	70778880	99090432	206569472
   16384	4930.620658	485376	692224	806912	1036288	1351680	1712128	2211840	2899968	3850240	5406720	8978432	14352384	162529280	210763776	238026752	400556032	851443712
   32768	2824.604464	514048	831488	1011712	1384448	1810432	2277376	2899968	3751936	5013504	7045120	11993088	20840448	214958080	231735296	467664896	650117120	851443712
   65536	1286.621255	602112	1011712	1335296	1875968	2441216	3194880	4292608	5996544	8585216	14614528	60555264	170917888	278921216	421527552	641728512	775946240	985661440
  131072	782.929259	724992	1138688	1695744	2703360	3653632	4882432	6586368	10158080	17956864	41680896	141557760	223346688	425721856	484442112	708837376	742391808	826277888
  262144	324.922575	1105920	1597440	2088960	3358720	5210112	7831552	12386304	21889024	45875200	154140672	329252864	557842432	910163968	1019215872	1182793728	1233125376	1468006400
  524288	154.311877	1695744	2375680	2867200	4046848	5603328	7962624	12517376	22151168	47448064	158334976	392167424	859832320	3539992576	3707764736	3942645760	4009754624	4043309056
 1048576	71.854219	2932736	3915776	4816896	6782976	9502720	15138816	26083328	50593792	117964800	223346688	517996544	2298478592	7751073792	7885291520	9999220736	9999220736	9999220736
 2097152	37.070439	5079040	6717440	8454144	10682368	14483456	22937600	40108032	79167488	158334976	252706816	666894336	4865392640	13488881664	16844324864	17112760320	17112760320	17112760320
 4194304	20.812645	10289152	12779520	16187392	21102592	32636928	53739520	89653248	162529280	244318208	392167424	901775360	17112760320	17112760320	17112760320	17112760320	17112760320	17112760320
 8388608	10.769982	13565952	20840448	29491200	56885248	102236160	185597952	244318208	358612992	534773760	1035993088	15099494400	17112760320	17112760320	17112760320	17112760320	17112760320	17112760320
16777216	5.934845	30539776	111673344	217055232	254803968	383778816	484442112	717225984	1098907648	2122317824	9865003008	17112760320	17112760320	17112760320	17112760320	17112760320	17112760320	17112760320
     128	4236.272158	684032	1318912	3489792	4685824	5537792	6062080	6782976	7372800	8454144	9502720	13172736	16449536	20316160	22413312	28704768	31850496	34865152
     256	4781.410385	741376	1073152	1368064	2277376	3194880	4358144	5079040	5931008	7700480	9502720	14483456	18219008	26345472	29753344	41156608	45875200	54263808
     512	4575.330602	528384	667648	790528	1028096	1581056	2834432	4112384	5668864	8093696	11599872	17694720	22937600	33161216	38535168	55836672	64225280	93847552
    1024	5212.571657	477184	569344	618496	741376	929792	1253376	1908736	3162112	5865472	10420224	17694720	24772608	40108032	45350912	63700992	69730304	80216064
    2048	4898.13797	552960	700416	905216	1318912	1859584	2605056	3522560	4882432	7045120	9764864	15925248	22675456	38010880	43778048	58982400	65798144	83361792
    4096	6196.060788	536576	667648	798720	1236992	1581056	2072576	2736128	3555328	4882432	7045120	12124160	17956864	33816576	41680896	61079552	73924608	98041856
    8192	5249.859685	585728	749568	929792	1335296	1761280	2310144	3063808	4177920	5865472	8585216	14483456	20316160	38010880	47448064	82313216	126353408	212860928
   16384	4410.374544	509952	733184	880640	1253376	1597440	2007040	2506752	3194880	4227072	5865472	9633792	14876672	208666624	212860928	258998272	417333248	442499072
   32768	2312.828357	485376	765952	962560	1335296	1843200	2441216	3162112	4227072	5865472	8585216	16580608	40632320	219152384	244318208	505413632	633339904	675282944
   65536	1110.728705	626688	1036288	1400832	2056192	2768896	3784704	5210112	7438336	11468800	22937600	89653248	187695104	295698432	417333248	633339904	851443712	876609536
  131072	511.741969	733184	1138688	1581056	2637824	3948544	5668864	8716288	14352384	27656192	81264640	217055232	299892736	599785472	717225984	1082130432	1484783616	1501560832
  262144	283.5133	1138688	1531904	1925120	2899968	4227072	6258688	10289152	22151168	60555264	191889408	379584512	650117120	1002438656	1082130432	1602224128	1619001344	1635778560
  524288	145.554583	1597440	2211840	2703360	3784704	5144576	7569408	12648448	23986176	84410368	225443840	700448768	1384120320	2365587456	2499805184	2701131776	2734686208	2734686208
 1048576	67.857964	2834432	3555328	4423680	5799936	7503872	10551296	17956864	43778048	156237824	379584512	1434451968	3204448256	4731174912	5133828096	6476005376	6476005376	6543114240
 2097152	31.020869	5341184	6520832	7503872	9502720	12255232	17170432	31588352	78118912	217055232	392167424	3506438144	8287944704	10536091648	10670309376	12280922112	16441671680	16441671680
 4194304	14.977405	9109504	12517376	14876672	19267584	25296896	47972352	98041856	173015040	250609664	505413632	5737807872	17112760320	17112760320	17112760320	17112760320	17112760320	17112760320
 8388608	7.207727	15794176	20840448	27918336	50069504	131596288	229638144	354418688	530579456	1082130432	2868903936	17112760320	17112760320	17112760320	17112760320	17112760320	17112760320	17112760320
16777216	3.474351	31064064	177209344	267386880	497025024	792723456	1249902592	3607101440	5469372416	7147094016	17112760320	17112760320	17112760320	17112760320	17112760320	17112760320	17112760320	17112760320
     128	4214.328557	806912	1646592	3522560	4882432	5734400	6324224	6914048	7569408	8454144	9371648	12779520	15794176	20578304	22675456	28966912	32374784	42729472
     256	3961.643562	1044480	2244608	3227648	3981312	4685824	5406720	6258688	7634944	8978432	11599872	15532032	18481152	26869760	30539776	40108032	47972352	61079552
     512	3915.447913	610304	741376	815104	1028096	2768896	3981312	5275648	7110656	9764864	13565952	19529728	25296896	35389440	42205184	60030976	70778880	101187584
    1024	4310.628518	473088	585728	643072	798720	1056768	1482752	2342912	5079040	9240576	14090240	20316160	26607616	40108032	47448064	62128128	68681728	79167488
    2048	5946.689768	536576	659456	806912	1155072	1499136	2039808	2834432	3817472	5275648	7831552	13041664	18743296	34340864	42729472	58458112	66846720	88604672
    4096	5552.351139	528384	659456	782336	1187840	1564672	2113536	2899968	3948544	5603328	8093696	13959168	20578304	39059456	45875200	62652416	68681728	124256256
    8192	6162.829441	528384	667648	765952	1073152	1449984	1875968	2506752	3391488	4816896	7307264	12255232	17694720	33423360	43253760	85458944	208666624	225443840
   16384	4273.366734	544768	749568	897024	1269760	1613824	2056192	2605056	3325952	4358144	6062080	9895936	15269888	206569472	212860928	250609664	417333248	616562688
   32768	2278.749126	528384	823296	1019904	1433600	1925120	2539520	3325952	4292608	5668864	8028160	15532032	39583744	221249536	256901120	488636416	650117120	876609536
   65536	1132.552895	618496	1036288	1368064	1925120	2506752	3457024	4816896	7045120	10289152	19005440	80216064	183500800	308281344	434110464	658505728	859832320	918552576
  131072	589.201179	782336	1236992	1761280	2768896	3915776	5537792	8355840	13303808	22413312	62652416	208666624	278921216	497025024	566231040	784334848	884998144	960495616
  262144	289.132224	1056768	1515520	2023424	3227648	4751360	7241728	11993088	22413312	44302336	139460608	350224384	633339904	1132462080	1249902592	1652555776	1736441856	1753219072
  524288	137.705636	1744896	2506752	3129344	4423680	5996544	8224768	12517376	21889024	61079552	185597952	400556032	1019215872	3674210304	3774873600	3976200192	4009754624	4143972352
 1048576	64.531311	2834432	3751936	4685824	6193152	8454144	11993088	17694720	34865152	83361792	217055232	599785472	2197815296	7751073792	8220835840	12280922112	12415139840	12415139840
 2097152	29.867627	4751360	6258688	7569408	9895936	13172736	18743296	30277632	63700992	181403648	274726912	968884224	5066719232	17112760320	17112760320	17112760320	17112760320	17112760320
 4194304	18.206194	7962624	10420224	13172736	17432576	23461888	36962304	59506688	100139008	191889408	283115520	1367343104	16844324864	17112760320	17112760320	17112760320	17112760320	17112760320
 8388608	9.618741	14483456	18219008	27394048	57409536	130547712	219152384	256901120	425721856	650117120	1501560832	8925478912	17112760320	17112760320	17112760320	17112760320	17112760320	17112760320
16777216	7.291379	42205184	65798144	139460608	235929600	283115520	446693376	692060160	1098907648	4328521728	8791261184	16307453952	17112760320	17112760320	17112760320	17112760320	17112760320	17112760320
     128	4444.773931	1187840	1761280	2637824	3751936	5144576	5931008	6389760	7110656	8224768	9240576	12648448	16187392	20054016	22413312	28704768	31850496	34340864
     256	5836.188508	569344	716800	978944	1433600	1826816	2441216	3424256	4882432	6062080	8454144	13172736	16908288	25296896	28966912	39059456	43778048	53739520
     512	6516.110759	448512	585728	643072	774144	937984	1335296	2342912	3522560	4947968	7307264	12910592	18743296	30277632	33816576	47972352	56360960	76021760
    1024	6501.299394	444416	561152	618496	724992	897024	1155072	1400832	2007040	3293184	7176192	14876672	21889024	37486592	42729472	59506688	65273856	79167488
    2048	4893.680843	544768	667648	831488	1220608	1761280	2539520	3555328	4947968	7110656	10027008	16056320	22937600	37486592	42729472	56885248	64225280	77070336
    4096	6632.580301	544768	659456	782336	1138688	1400832	1761280	2277376	3096576	4554752	6782976	11599872	17170432	32899072	40108032	56885248	62128128	78118912
    8192	5422.576025	602112	815104	1073152	1449984	1875968	2473984	3162112	4079616	5603328	8224768	13828096	19791872	36438016	45875200	70778880	100139008	210763776
   16384	4254.46162	528384	741376	872448	1204224	1548288	1974272	2506752	3162112	4177920	5865472	9633792	15269888	208666624	212860928	252706816	375390208	488636416
   32768	2264.845487	514048	856064	1073152	1499136	1957888	2506752	3194880	4292608	5799936	8585216	16908288	38010880	223346688	258998272	633339904	767557632	859832320
   65536	1163.158244	544768	839680	1155072	1761280	2408448	3325952	4751360	7110656	11337728	23461888	86507520	177209344	256901120	375390208	471859200	608174080	851443712
  131072	573.077932	757760	1105920	1482752	2342912	3457024	4882432	7700480	13041664	26869760	73924608	210763776	278921216	509607936	574619648	717225984	750780416	843055104
  262144	292.191682	1138688	1564672	1974272	2965504	4227072	6324224	9764864	19005440	54263808	175112192	375390208	624951296	943718400	1082130432	1350565888	1367343104	1451229184
  524288	148.393677	1728512	2244608	2736128	3915776	5275648	7634944	11730944	25296896	94896128	229638144	725614592	1434451968	2164260864	2298478592	2399141888	2432696320	2466250752
 1048576	69.615621	2736128	3784704	4685824	6062080	8454144	13172736	23461888	55836672	166723584	329252864	1551892480	3103784960	4865392640	4932501504	6945767424	7549747200	7751073792
 2097152	31.34313	5210112	6782976	8028160	10420224	13828096	22675456	47972352	112721920	221249536	429916160	3405774848	8422162432	11207180288	11744051200	16978542592	17112760320	17112760320
 4194304	15.715113	9895936	12910592	15269888	19791872	27131904	45350912	91750400	189792256	270532608	608174080	4395630592	17112760320	17112760320	17112760320	17112760320	17112760320	17112760320
 8388608	7.397673	14745600	26083328	38010880	70778880	187695104	242221056	362807296	497025024	1551892480	2902458368	17112760320	17112760320	17112760320	17112760320	17112760320	17112760320	17112760320
16777216	3.586453	24772608	227540992	316669952	534773760	960495616	1702887424	3070230528	4177526784	5603590144	17112760320	17112760320	17112760320	17112760320	17112760320	17112760320	17112760320	17112760320
